N = 9
kappa: 489.993693792447
kappa: 48.85536430594738
generate matrix time spent: 0.1714940071105957
==================================
A:
[[-0.57292281 -0.22983194  0.12607397 ...  0.04177716  0.37357052
   0.32190734]
 [-0.22983194  0.12607397 -0.62170557 ...  0.37357052  0.32190734
  -0.57292281]
 [ 0.12607397 -0.62170557 -0.80097741 ...  0.32190734 -0.57292281
  -0.22983194]
 ...
 [ 0.04177716  0.37357052  0.32190734 ... -0.40435731 -0.89242343
   0.92286149]
 [ 0.37357052  0.32190734 -0.57292281 ... -0.89242343  0.92286149
   0.04177716]
 [ 0.32190734 -0.57292281 -0.22983194 ...  0.92286149  0.04177716
   0.37357052]]
kappa: 48.855364305947354
QSVT spends: 0.8060600757598877 sec
prepare circuit spends: 0.8068275451660156 sec
==================================
prepare state snapshot spends: 0.38126444816589355 sec
number of qubits: 11
post-measurement state: Statevector([ 0.02049381-5.46643914e-19j, -0.0167301 +1.05473166e-18j,
             -0.02419926+1.45003352e-19j, ...,  0.        +0.00000000e+00j,
              0.        +0.00000000e+00j,  0.        +0.00000000e+00j],
            dims=(2, 2, 2, 2, 2, 2, 2, 2, 2, 2, 2))
post-selection spends: 0.0032384395599365234 sec
res: [-4.01067217e-02  2.64000643e-02  8.78778342e-02 -6.32654618e-02
  2.71965426e-02  3.57071527e-02 -6.30230474e-02  4.64223019e-02
 -2.37641656e-03 -5.75393481e-02  4.71754439e-02  8.25647959e-02
 -3.47986608e-02 -6.57836913e-02  2.28937562e-02  1.80366317e-02
 -7.21713623e-02  2.09709309e-02  5.08295838e-02  1.54439969e-03
  6.48970033e-03 -1.70797627e-02  8.99970473e-03  1.10029069e-02
 -2.90231509e-02  6.78465161e-02  1.03141359e-02 -5.36438170e-03
  8.92472908e-02 -1.26565213e-01 -4.88349757e-02  6.56547642e-02
 -7.51252418e-02 -4.91375955e-02  4.57074810e-02 -1.77605061e-03
 -6.27173654e-02 -3.73909192e-02  9.04323305e-02 -1.45054206e-02
 -4.18099298e-02  8.10568055e-02 -5.73091349e-02  2.73322986e-02
  6.69424113e-04  3.38480751e-02 -1.40011699e-02 -7.11196935e-02
  1.88276567e-02  4.24443555e-02 -4.59385094e-02  3.33017180e-02
  4.29170479e-02 -5.85831325e-02  6.62150406e-02 -1.68548953e-02
  1.78595103e-02  1.58372702e-02 -3.72994661e-02  4.81113882e-02
 -2.04154882e-02 -4.37994759e-02 -2.35661205e-02  1.46616548e-03
  9.66616006e-03 -2.76735302e-02 -5.60186057e-03  1.59475630e-02
 -4.35834242e-05 -2.51136012e-02  1.74818790e-02 -4.81637283e-02
 -5.29382763e-03 -2.50025881e-02  1.39909773e-02  7.27450222e-02
 -5.38062491e-02  8.27933280e-02  2.13626877e-02 -5.61279555e-02
 -2.97171503e-02  6.41411306e-02 -6.57836515e-02 -7.95205775e-03
 -3.47900632e-02 -2.31320846e-02 -3.95627988e-02  1.52174761e-02
 -1.93300628e-03 -2.52025809e-02  3.89454389e-02  5.36824930e-02
 -2.09863035e-02  1.67345678e-02  7.33227739e-02  4.69166963e-02
 -3.67148022e-02 -3.50215081e-02  4.32141969e-02 -2.44188876e-02
 -3.61306092e-02  8.37494014e-02 -2.15477219e-02 -1.11836238e-02
  3.88040335e-02 -2.26064880e-02  2.84436924e-02  3.14829898e-02
 -5.13210967e-03  1.11180438e-02  1.92119000e-02  4.63020382e-02
  4.65366808e-03 -6.92616461e-02  1.58870426e-02 -3.11588721e-02
  1.12833898e-02 -2.49428734e-02 -1.52174803e-02  2.80025131e-02
  2.96916820e-02 -5.54010191e-02  6.21112066e-02 -3.82789559e-02
  3.13739170e-02 -1.93071974e-02  1.76892052e-02  8.96997713e-02
 -8.81771030e-03 -2.02823620e-02  5.79315972e-02 -3.71466669e-02
  7.64166834e-03  9.49169750e-03 -1.06522980e-02  3.67044312e-02
 -1.42815809e-02 -1.59492660e-02  5.99662591e-03 -1.64348076e-02
  1.64206149e-02  6.88687112e-02 -2.80974910e-02  1.02290993e-02
  2.18174615e-02  1.88898513e-02 -5.56733018e-02  2.71211895e-02
  2.88553090e-02 -1.18169375e-01  2.87887109e-02  1.22456803e-01
 -9.10784212e-02 -1.14980930e-03  5.85370474e-02 -5.36599308e-02
  1.32560955e-02 -7.48456221e-03  9.01020711e-03 -4.99674885e-02
 -3.82424022e-02  1.13222402e-01  4.58346278e-02 -1.89725012e-02
  2.13875967e-02  3.52013551e-02 -1.51787803e-02  6.40238303e-02
 -3.91311498e-02  3.56727928e-02  2.23106194e-02  1.90700156e-02
 -6.48871096e-02  1.32331145e-02  3.50503814e-02 -7.39720115e-02
 -1.86627503e-02 -2.25381764e-02 -2.34454159e-02  1.66033367e-02
  8.28042223e-02 -3.09080904e-02  4.99234438e-02 -2.62860491e-02
 -1.25133033e-02  4.39997515e-02 -2.53961653e-02  7.93922613e-02
  1.38273474e-02 -5.40005218e-02  6.66899651e-02 -4.39294651e-03
  1.94369554e-02 -5.31692748e-03  5.90243392e-02  1.47103606e-02
 -4.69703777e-02  2.04072101e-02  6.11839912e-02 -8.10578829e-02
  2.14219197e-03 -2.15795931e-02 -7.63537748e-02  9.24585105e-03
 -4.81646550e-02 -4.37396552e-02  4.18241867e-02  9.95936218e-03
  2.37550011e-02 -9.45163685e-02  3.42108470e-03  4.48404028e-02
 -6.66933581e-02  4.53543904e-02  8.89486064e-02 -1.25209796e-02
 -8.98234629e-03  4.91410989e-02  4.09025734e-02  3.41089048e-03
  4.66942707e-02  1.24474295e-02 -2.17501079e-02 -2.56495030e-02
  6.31213772e-02 -9.67868023e-02 -5.47565142e-02  3.69134772e-02
 -1.95853635e-02  1.46777812e-02 -7.81234855e-03  4.62374069e-03
 -5.70194064e-02 -2.77436716e-02  9.02371719e-02  1.93826445e-03
  4.73563040e-03  6.09371717e-02  7.61237682e-03 -3.83656981e-02
  1.62991473e-02  7.17144413e-03 -4.58207914e-02  1.99103800e-02
  6.40554938e-03 -2.63601641e-02 -1.03178488e-02  5.71045271e-02
 -1.23786660e-02 -5.05080182e-02  4.75804974e-02  1.68082704e-02
  1.45123114e-02  1.98732963e-02 -1.16672454e-02 -2.92921957e-02
 -1.82340719e-02  8.79603016e-03  5.68363687e-02 -8.62817709e-02
  7.71656942e-03  4.35991038e-02 -8.85523024e-02  5.65815931e-02
  5.92050753e-02 -1.33346151e-02 -2.35731192e-02  2.55422102e-03
  3.63981712e-02 -1.39633099e-02  2.34226405e-02  1.09892584e-01
 -4.04058655e-02  1.52576794e-02  3.54667240e-02 -5.85949474e-03
 -5.97635105e-02 -4.78741007e-02 -2.69274355e-02 -3.14221812e-02
 -4.86698042e-03  5.47547415e-02 -1.94711160e-03  5.97153051e-03
  6.41170217e-02 -3.19413987e-02  4.46642651e-02  3.60724975e-02
 -2.71255319e-02  2.92572445e-02  3.04154972e-02 -8.54410307e-02
 -2.70971737e-02  3.31177167e-02  8.26593183e-03 -8.99533534e-03
 -3.80208694e-02  5.71816837e-02 -3.09391044e-02 -2.23140415e-02
  3.42696939e-02 -2.84660046e-03  4.58258039e-02 -1.45281765e-02
  5.78747798e-02 -1.23036034e-02 -6.44336146e-02  8.61313411e-02
  3.58471151e-02 -1.57455257e-02  5.11920418e-02 -6.36415835e-02
 -4.60936814e-02  5.15515516e-02  1.10422849e-02 -5.80971468e-02
 -7.46720354e-02 -2.13884723e-02  9.35556860e-03 -2.11016235e-02
  3.37384308e-02  5.53305530e-02 -5.03740379e-02  3.12463329e-02
  6.42213368e-02  3.45791394e-02  5.01156867e-02  3.65191140e-02
  3.41173790e-02 -9.51195392e-02 -4.58045505e-03  7.02900455e-02
 -6.83378308e-02 -5.38030852e-02  7.57235369e-02 -3.15965938e-02
 -3.15741860e-02  3.96021879e-02 -5.22663242e-02  4.63991506e-03
 -7.65597245e-02  4.80106655e-02  9.10633964e-03  3.20882546e-02
  2.47621810e-03 -7.31432011e-02 -4.10570251e-02  1.56717115e-02
 -9.39384733e-03 -8.73310094e-03 -5.07560770e-02  1.59153874e-02
 -5.24465273e-02  1.41057987e-02  2.09155319e-02  1.53446968e-02
 -5.07828691e-03  7.30098079e-02 -5.10366443e-02  1.58032473e-02
  6.85716684e-02 -6.36233050e-02  1.98547888e-02  3.08712730e-02
 -3.93048161e-02 -6.45620400e-03 -6.29657509e-03  3.02462775e-02
 -4.05808826e-02 -4.73602074e-02  3.54430793e-02  3.84337059e-02
 -1.95009714e-03  4.34409488e-02  5.06751225e-03 -3.09997429e-02
 -2.37385353e-02  5.28926530e-02  7.58545143e-02 -5.50132121e-02
  1.30223132e-02  2.42569195e-03 -6.24185288e-02  7.74834353e-02
  2.37232838e-02 -4.64525703e-02  7.06342341e-02  3.55561951e-02
  5.92034306e-02 -5.26008342e-02 -1.30366244e-02 -1.85680547e-02
  5.11163957e-03 -7.44658400e-03  5.27446633e-02 -5.69206675e-03
  2.39759446e-03  5.33095751e-02  7.16792982e-03  1.18877969e-02
  1.88027389e-02  4.65099770e-03 -6.02566177e-03  1.14756872e-02
  1.34069536e-02 -5.32322088e-02 -2.89594247e-02  4.03532714e-02
 -1.43947500e-01 -2.56861892e-03  9.78453362e-03 -1.25183710e-02
  1.83775822e-02 -6.66438935e-04  7.50042933e-03 -3.91552809e-04
 -6.86641350e-03  3.64365006e-02 -3.81925043e-02  5.89444953e-02
  4.57619901e-02  4.83424247e-02  1.61150374e-02  8.18689660e-02
 -5.91521000e-02  7.32454217e-03  3.46480617e-02  2.89737435e-02
 -3.49017326e-02 -3.70012434e-02  6.74124675e-02 -6.28609168e-02
 -4.17286693e-02  7.13169955e-03 -7.61826298e-02 -4.61364782e-02
  6.36703315e-02 -3.24537415e-02  1.84534099e-02 -2.41234703e-02
  3.90944952e-02  2.68920843e-02 -9.53080675e-03  6.22076518e-02
  6.32741981e-02 -3.91132246e-02  4.58377016e-02  3.49490220e-02
  1.05418113e-02  3.53939955e-02  3.71570881e-02  1.84630537e-02
 -8.11523646e-02 -5.57323360e-02  1.05264010e-02 -5.55297899e-02
  3.83095278e-02 -6.62102956e-02 -1.80513341e-02 -2.62488696e-02
  4.41547568e-02  1.19013381e-02  1.90477858e-02  1.09799856e-02
  5.52860191e-02 -5.85171563e-02  1.20165576e-02  2.92789719e-02
 -5.44112982e-02 -3.94868453e-02  5.71474280e-02 -4.08351205e-02
 -1.30306530e-02  7.13930466e-02 -3.58683258e-03 -3.72988369e-02
  4.28076965e-02  2.52839490e-02 -4.69998381e-02  1.61787950e-02
  1.08103496e-01 -5.18412595e-02  3.24819991e-04  1.38673185e-02
 -5.56591762e-02 -4.02455049e-02  1.41695889e-02 -4.53560573e-03
 -4.90661502e-02 -6.69995655e-02  5.24589777e-02 -7.32031672e-02
 -9.27628211e-02  1.08319317e-01  3.47452519e-04 -1.83744902e-02
  8.20841489e-02  1.85541829e-02  1.06171618e-02  1.93724001e-02
  9.23622248e-02 -1.42004869e-02  2.95390296e-02  3.08744236e-02
 -3.31011978e-02 -2.26410174e-02  2.38253684e-02 -5.09649866e-02
 -7.26125654e-02 -2.58992263e-02 -3.18319390e-02  2.63041769e-02]
==================================
kappa: 48.855364305947354
total_variation (exact): 0.5114865181300255
==================================
qc depth: 486
transpilation spends: 0.12379050254821777 sec
transpiled qc depth: 727
run job spends: 0.03155994415283203 sec
total var. (exact) time spent: 0.0005733966827392578
kappa: 48.855364305947354
total_variation (exp): 6.986977594882714
==================================
total execution time (exclude snapshot): 0.9621779918670654
