N = 4
set_degree = 1
time: 0.0004444122314453125
generate matrix time spent: 0.00046181678771972656 sec
==================================
A:
[[-0.0224408   0.03069289 -0.11146663  0.07171947 -0.10472546 -0.02948213
   0.06075791 -0.06592378  0.04502425 -0.01175449  0.03260365 -0.06716275
   0.09219473  0.07137726 -0.0383319   0.02843728]
 [ 0.02843728 -0.0224408   0.03069289 -0.11146663  0.07171947 -0.10472546
  -0.02948213  0.06075791 -0.06592378  0.04502425 -0.01175449  0.03260365
  -0.06716275  0.09219473  0.07137726 -0.0383319 ]
 [-0.0383319   0.02843728 -0.0224408   0.03069289 -0.11146663  0.07171947
  -0.10472546 -0.02948213  0.06075791 -0.06592378  0.04502425 -0.01175449
   0.03260365 -0.06716275  0.09219473  0.07137726]
 [ 0.07137726 -0.0383319   0.02843728 -0.0224408   0.03069289 -0.11146663
   0.07171947 -0.10472546 -0.02948213  0.06075791 -0.06592378  0.04502425
  -0.01175449  0.03260365 -0.06716275  0.09219473]
 [ 0.09219473  0.07137726 -0.0383319   0.02843728 -0.0224408   0.03069289
  -0.11146663  0.07171947 -0.10472546 -0.02948213  0.06075791 -0.06592378
   0.04502425 -0.01175449  0.03260365 -0.06716275]
 [-0.06716275  0.09219473  0.07137726 -0.0383319   0.02843728 -0.0224408
   0.03069289 -0.11146663  0.07171947 -0.10472546 -0.02948213  0.06075791
  -0.06592378  0.04502425 -0.01175449  0.03260365]
 [ 0.03260365 -0.06716275  0.09219473  0.07137726 -0.0383319   0.02843728
  -0.0224408   0.03069289 -0.11146663  0.07171947 -0.10472546 -0.02948213
   0.06075791 -0.06592378  0.04502425 -0.01175449]
 [-0.01175449  0.03260365 -0.06716275  0.09219473  0.07137726 -0.0383319
   0.02843728 -0.0224408   0.03069289 -0.11146663  0.07171947 -0.10472546
  -0.02948213  0.06075791 -0.06592378  0.04502425]
 [ 0.04502425 -0.01175449  0.03260365 -0.06716275  0.09219473  0.07137726
  -0.0383319   0.02843728 -0.0224408   0.03069289 -0.11146663  0.07171947
  -0.10472546 -0.02948213  0.06075791 -0.06592378]
 [-0.06592378  0.04502425 -0.01175449  0.03260365 -0.06716275  0.09219473
   0.07137726 -0.0383319   0.02843728 -0.0224408   0.03069289 -0.11146663
   0.07171947 -0.10472546 -0.02948213  0.06075791]
 [ 0.06075791 -0.06592378  0.04502425 -0.01175449  0.03260365 -0.06716275
   0.09219473  0.07137726 -0.0383319   0.02843728 -0.0224408   0.03069289
  -0.11146663  0.07171947 -0.10472546 -0.02948213]
 [-0.02948213  0.06075791 -0.06592378  0.04502425 -0.01175449  0.03260365
  -0.06716275  0.09219473  0.07137726 -0.0383319   0.02843728 -0.0224408
   0.03069289 -0.11146663  0.07171947 -0.10472546]
 [-0.10472546 -0.02948213  0.06075791 -0.06592378  0.04502425 -0.01175449
   0.03260365 -0.06716275  0.09219473  0.07137726 -0.0383319   0.02843728
  -0.0224408   0.03069289 -0.11146663  0.07171947]
 [ 0.07171947 -0.10472546 -0.02948213  0.06075791 -0.06592378  0.04502425
  -0.01175449  0.03260365 -0.06716275  0.09219473  0.07137726 -0.0383319
   0.02843728 -0.0224408   0.03069289 -0.11146663]
 [-0.11146663  0.07171947 -0.10472546 -0.02948213  0.06075791 -0.06592378
   0.04502425 -0.01175449  0.03260365 -0.06716275  0.09219473  0.07137726
  -0.0383319   0.02843728 -0.0224408   0.03069289]
 [ 0.03069289 -0.11146663  0.07171947 -0.10472546 -0.02948213  0.06075791
  -0.06592378  0.04502425 -0.01175449  0.03260365 -0.06716275  0.09219473
   0.07137726 -0.0383319   0.02843728 -0.0224408 ]]
calculating condition number...
time spent for calculating condition number: 0.00014925003051757812 sec
kappa: 28.058449141710366
deg: 601
QSVT spends: 0.18314528465270996 sec
prepare circuit spends: 0.1836075782775879 sec
==================================
prepare state snapshot spends: 0.244093656539917 sec
number of qubits: 6
post-measurement state: Statevector([ 0.24383622-7.80889987e-19j,  0.14558813+1.13318977e-17j,
              0.44115121-8.26562465e-19j,  0.20813876-7.79559391e-18j,
              0.37511136-1.23059504e-17j,  0.13311549+1.86454097e-17j,
              0.15084563+7.18163105e-19j,  0.17823803+2.55426593e-18j,
              0.16860519-1.39950955e-17j,  0.17966365+1.38142682e-17j,
              0.48103246-4.26354659e-18j,  0.22699233-1.50199169e-18j,
              0.1303056 +2.22743408e-17j, -0.07137222-1.01870998e-17j,
              0.18897668-7.37018798e-19j,  0.25894049+2.80081721e-17j,
              0.        +0.00000000e+00j,  0.        +0.00000000e+00j,
              0.        +0.00000000e+00j,  0.        +0.00000000e+00j,
              0.        +0.00000000e+00j,  0.        +0.00000000e+00j,
              0.        +0.00000000e+00j,  0.        +0.00000000e+00j,
              0.        +0.00000000e+00j,  0.        +0.00000000e+00j,
              0.        +0.00000000e+00j,  0.        +0.00000000e+00j,
              0.        +0.00000000e+00j,  0.        +0.00000000e+00j,
              0.        +0.00000000e+00j,  0.        +0.00000000e+00j,
              0.        +0.00000000e+00j,  0.        +0.00000000e+00j,
              0.        +0.00000000e+00j,  0.        +0.00000000e+00j,
              0.        +0.00000000e+00j,  0.        +0.00000000e+00j,
              0.        +0.00000000e+00j,  0.        +0.00000000e+00j,
              0.        +0.00000000e+00j,  0.        +0.00000000e+00j,
              0.        +0.00000000e+00j,  0.        +0.00000000e+00j,
              0.        +0.00000000e+00j,  0.        +0.00000000e+00j,
              0.        +0.00000000e+00j,  0.        +0.00000000e+00j,
              0.        +0.00000000e+00j,  0.        +0.00000000e+00j,
              0.        +0.00000000e+00j,  0.        +0.00000000e+00j,
              0.        +0.00000000e+00j,  0.        +0.00000000e+00j,
              0.        +0.00000000e+00j,  0.        +0.00000000e+00j,
              0.        +0.00000000e+00j,  0.        +0.00000000e+00j,
              0.        +0.00000000e+00j,  0.        +0.00000000e+00j,
              0.        +0.00000000e+00j,  0.        +0.00000000e+00j,
              0.        +0.00000000e+00j,  0.        +0.00000000e+00j],
            dims=(2, 2, 2, 2, 2, 2))
post-selection spends: 0.006186723709106445 sec
res: [-0.24620914 -0.15323349 -0.432936   -0.212429   -0.3704394  -0.14142827
 -0.15820958 -0.18412896 -0.17501626 -0.18547942 -0.47068112 -0.23026766
 -0.13877238  0.05208618 -0.19429253 -0.26050394]
Classically solving Ax=b time spent: 7.724761962890625e-05 sec
==================================
kappa: 28.058449141710366
total_variation (exact): 0.022896537864351165
==================================
qc depth: 2406
transpilation spends: 1.6142561435699463 sec
transpiled qc depth: 3607
run job spends: 0.15323710441589355 sec
total execution time (exclude snapshot): 1.9511008262634277 sec
