0.785398163425043
-3.99813501633303e-11
5.48871675106598e-11
-7.26313766098663e-11
9.34909819663040e-11
-1.17809915914101e-10
1.45889713928626e-10
-1.78096591948643e-10
2.14751191946855e-10
-2.56234869949178e-10
3.02878721624405e-10
-3.55069081686775e-10
4.13135672139642e-10
-4.77456238725917e-10
5.48343745126785e-10
-6.26149921833260e-10
7.11151385774179e-10
-8.03652006351287e-10
9.03867740193400e-10
-1.01202766660585e-09
1.12825737059837e-09
-1.25267846600278e-09
1.38529038926746e-09
-1.52606815055877e-09
1.67484246533060e-09
-1.83139541021088e-09
1.99533864353319e-09
-2.16620713216072e-09
2.34333489040893e-09
-2.52594646428260e-09
2.71303028925949e-09
-2.90342766498977e-09
3.09570344001763e-09
-3.28823218422237e-09
3.47906598605457e-09
-3.66601761447480e-09
3.84652522686024e-09
-4.01773229788109e-09
4.17634893868963e-09
-4.31872836656591e-09
4.44072460462420e-09
-4.53776524031835e-09
4.60470526632233e-09
-4.63589586335471e-09
4.62503417251462e-09
-4.56522788583006e-09
4.44884069965448e-09
-4.26755246251717e-09
4.01220012981623e-09
-3.67283322355891e-09
3.23855003658941e-09
-2.69754827052218e-09
2.03695626640153e-09
-1.24287857981844e-09
3.00222083886019e-10
8.07263641151187e-10
-2.09716552093743e-09
3.58837197601452e-09
-5.30125755005069e-09
7.25765338463941e-09
-9.48103737817327e-09
1.19965102368188e-08
-1.48309912614364e-08
1.80132000183019e-08
-2.15738577874754e-08
2.55456748706714e-08
-2.99635577012729e-08
3.48646017751388e-08
-4.02883043412606e-08
4.62765629002279e-08
-5.28738933935957e-08
6.01274341353344e-08
-6.80871693401159e-08
7.68059383116214e-08
-8.63396641032539e-08
9.67473677127947e-08
-1.08091401612137e-07
1.20437468654639e-07
-1.33854860122271e-07
1.48416478978918e-07
-1.64199082038767e-07
1.81283307102656e-07
-1.99753918779023e-07
2.19699838989954e-07
-2.41214395876919e-07
2.64395357080158e-07
-2.89345181105671e-07
3.16171052680881e-07
-3.44985135877904e-07
3.75904610816002e-07
-4.09051927676870e-07
4.44554843922857e-07
-4.82546678365382e-07
5.23166347915286e-07
-5.66558620726743e-07
6.12874151516407e-07
-6.62269732666017e-07
7.14908326998926e-07
-7.70959315733953e-07
8.30598527491670e-07
-8.94008481870832e-07
9.61378413402997e-07
-1.03290450943255e-06
1.10878992764872e-06
-1.18924502684641e-06
1.27448737661938e-06
-1.36474197950065e-06
1.46024127129183e-06
-1.56122533301381e-06
1.66794188025932e-06
-1.78064646335511e-06
1.89960244406761e-06
-2.02508118224084e-06
2.15736199813698e-06
-2.29673234380628e-06
2.44348774926717e-06
-2.59793197680856e-06
2.76037694914915e-06
-2.93114288483720e-06
3.11055820653095e-06
-3.29895965559111e-06
3.49669217857904e-06
-3.70410901912481e-06
3.92157158077937e-06
-4.14944949420378e-06
4.38812045442429e-06
-4.63797026146481e-06
4.89939263009020e-06
-5.17278920197666e-06
5.45856932604206e-06
-5.75715004027662e-06
6.06895582083597e-06
-6.39441853167629e-06
6.73397714060487e-06
-7.08807763500248e-06
7.45717270304645e-06
-7.84172161382402e-06
8.24218986213752e-06
-8.65904901137817e-06
9.09277630036631e-06
-9.54385444752740e-06
1.00127712183135e-05
-1.05000191893726e-05
1.10060952752564e-05
-1.15315004513441e-05
1.20767392387893e-05
-1.26423193851143e-05
1.32287513064482e-05
-1.38365477250229e-05
1.44662230678886e-05
-1.51182930606641e-05
1.57932740822742e-05
-1.64916827145083e-05
1.72140350525072e-05
-1.79608462099362e-05
1.87326295851935e-05
-1.95298963223415e-05
2.03531545332626e-05
-2.12029087147076e-05
2.20796589268983e-05
-2.29839001674984e-05
2.39161215074160e-05
-2.48768054226255e-05
2.58664268884822e-05
-2.68854526706546e-05
2.79343403794066e-05
-2.90135377213926e-05
3.01234815157129e-05
-3.12645969085760e-05
3.24372963534107e-05
-3.36419787907569e-05
3.48790285949565e-05
-3.61488147221205e-05
3.74516896264041e-05
-3.87879883791178e-05
4.01580275578936e-05
-4.15621043406084e-05
4.30004953711361e-05
-4.44734558319564e-05
4.59812182907001e-05
-4.75239917557443e-05
4.91019605080179e-05
-5.07152831443269e-05
5.23640913993581e-05
-5.40484891817788e-05
5.57685513917836e-05
-5.75243229553229e-05
5.93158176428586e-05
-6.11430171077389e-05
6.30058697119426e-05
-6.49042895748028e-05
6.68381554122220e-05
-6.88073096021393e-05
7.08115570439163e-05
-7.28506642473303e-05
7.49243582191011e-05
-7.70323255825763e-05
7.91742114985514e-05
-8.13496188230724e-05
8.35581070699905e-05
-8.57991916143871e-05
8.80723427047318e-05
-9.03769847196322e-05
9.27124952373630e-05
-9.50782043539916e-05
9.74733938182990e-05
-9.98972964192493e-05
0.000102349095194407
-0.000104827922894909
0.000107332861275546
-0.000109862940645426
0.000112417139247750
-0.000114994382904292
0.000117593544493104
-0.000120213443694907
0.000122852846576527
-0.000125510465447169
0.000128184958555643
-0.000130874930064033
0.000133578929866410
-0.000136295453687553
0.000139022943030266
-0.000141759785406485
0.000144504314420272
-0.000147254810138096
0.000150009499314216
-0.000152766555906385
0.000155524101449902
-0.000158280205724830
0.000161032887284139
-0.000163780114277926
0.000166519805140866
-0.000169249829577889
0.000171968009415605
-0.000174672119753742
0.000177359889983902
-0.000180029005110173
0.000182677106938523
-0.000185301795568897
0.000187900630757337
-0.000190471133581579
0.000193010787977008
-0.000195517042576587
0.000197987312420947
-0.000200418980972633
0.000202809401999648
-0.000205155901762879
0.000207455781071632
-0.000209706317641626
0.000211904768320157
-0.000214048371611416
0.000216134350067134
-0.000218159912975258
0.000220122258910933
-0.000222018578582721
0.000223846057538251
-0.000225601879161250
0.000227283227524190
-0.000228887290528441
0.000230411262895606
-0.000231852349441491
0.000233207768196389
-0.000234474753802778
0.000235650560753602
-0.000236732466902064
0.000237717776805953
-0.000238603825336946
0.000239387981117562
-0.000240067650216192
0.000240640279662381
-0.000241103361212505
0.000241454434927913
-0.000241691092995228
0.000241810983350754
-0.000241811813538287
0.000241691354362161
-0.000241447443764541
0.000241077990488522
-0.000240580977955874
0.000239954467920765
-0.000239196604328074
0.000238305616937476
-0.000237279825141677
0.000236117641539855
-0.000234817575694517
0.000233378237632707
-0.000231798341519499
0.000230076709064775
-0.000228212273091097
0.000226204080823393
-0.000224051297328449
0.000221753208664650
-0.000219309225169999
0.000216718884448883
-0.000213981854485599
0.000211097936444898
-0.000208067067587839
0.000204889323863195
-0.000201564922602642
0.000198094224880119
-0.000194477737963731
0.000190716117420591
-0.000186810169303112
0.000182760851977455
-0.000178569278022572
0.000174236715760815
-0.000169764590848892
0.000165154487490145
-0.000160408149697307
0.000155527482166932
-0.000150514551194965
0.000145371585194887
-0.000140100975248212
0.000134705275249223
-0.000129187202073927
0.000123549635335563
-0.000117795617157040
0.000111928351522999
-0.000105951203642379
9.98676988845147e-05
-9.36815217201744e-05
8.73965142310935e-05
-8.10166746197659e-05
7.45461552836834e-05
-6.79892608861937e-05
6.13504459888689e-05
-5.46343126779539e-05
4.78456077503813e-05
-4.09892198925883e-05
3.40701764181269e-05
-2.70936399979934e-05
2.00649049501337e-05
-1.29893935228427e-05
5.87265173916945e-06
1.27965476260696e-06
-8.46174532423366e-06
1.56677288630200e-05
-2.28916088987751e-05
3.01272885758807e-05
-3.73685761110558e-05
4.46091902298082e-05
-5.18427660215066e-05
5.90628607751610e-05
-6.62629602255393e-05
7.34364847706297e-05
-8.05767960895499e-05
8.76772037212189e-05
-9.47309720322202e-05
0.000101731327133472
-0.000108671464173279
0.000115544554566080
-0.000122343753583460
0.000129062207866121
-0.000135693063282998
0.000142229472695214
-0.000148664604050668
0.000154991648366313
-0.000161203828023138
0.000167294404930668
-0.000173256688984969
0.000179084046376806
-0.000184769908173400
0.000190307778729501
-0.000195691244351258
0.000200913981767901
-0.000205969766834090
0.000210852483017953
-0.000215556130096927
0.000220074832616127
-0.000224402848531214
0.000228534577589970
-0.000232464569874250
0.000236187534056555
-0.000239698345792421
0.000242992055802680
-0.000246063898066945
0.000248909297681890
-0.000251523878805834
0.000253903472243126
-0.000256044123089847
0.000257942097994283
-0.000259593892453850
0.000260996237702119
-0.000262146107607506
0.000263040725137750
-0.000263677568811967
0.000264054378694374
-0.000264169162352181
0.000264020200331945
-0.000263606051577085
0.000262925558341643
-0.000261977851023289
0.000260762352471076
-0.000259278782191669
0.000257527160010152
-0.000255507809609622
0.000253221361506415
-0.000250668755886051
0.000247851244857220
-0.000244770394549842
0.000241428086615337
-0.000237826519555922
0.000233968209442079
-0.000229855990445781
0.000225493014749702
-0.000220882752260907
0.000216028989690296
-0.000210935829427314
0.000205607687772313
-0.000200049292957134
0.000194265682517381
-0.000188262200448186
0.000182044493708051
-0.000175618508503709
0.000168990485921855
-0.000162166957341907
0.000155154739196824
-0.000147960927517422
0.000140592891828508
-0.000133058268833507
0.000125364955457164
-0.000117521101684325
0.000109535102765677
-0.000101415591229687
9.31714282729787e-05
-8.48116949696879e-05
7.63456828732857e-05
-6.77828844527352e-05
5.91329829378030e-05
-5.04058420165660e-05
4.16114949613167e-05
-3.27601336271535e-05
2.38620969006031e-05
-1.49278590440142e-05
5.96801751407351e-06
3.00671929850970e-06
-1.19855448286419e-05
2.09575671475130e-05
-2.99118222437805e-05
3.88372873258398e-05
-4.77228945634515e-05
5.65575448184609e-05
-6.53301217816394e-05
7.40295060644909e-05
-8.26445896622346e-05
9.11642903356196e-05
-9.95775663271466e-05
0.000107873430958388
-0.000116040967523247
0.000124069344023152
-0.000131947828158168
0.000139665802119584
-0.000147212777597306
0.000154578410546947
-0.000161752516129542
0.000168725083368509
-0.000175486289936222
0.000182026516614437
-0.000188336361841021
0.000194406655886795
-0.000200228475074760
0.000205793155585722
-0.000211092307262411
0.000216117826956223
-0.000220861911828862
0.000225317072153283
-0.000229476144026411
0.000233332301538422
-0.000236879068811528
0.000240110331453608
-0.000243020347840123
0.000245603759770239
-0.000247855602911569
0.000249771316580088
-0.000251346753270377
0.000252578187483989
-0.000253462324271889
0.000253996307039845
-0.000254177725033943
0.000254004620056319
-0.000253475492829465
0.000252589308560558
-0.000251345502125666
0.000249743982426657
-0.000247785136342153
0.000245469831827029
-0.000242799420583377
0.000239775739859163
-0.000236401113799251
0.000232678353906803
-0.000228610759041570
0.000224202114514660
-0.000219456690706170
0.000214379240774218
-0.000208974997876766
0.000203249671476259
-0.000197209443157088
0.000190860961522079
-0.000184211336602518
0.000177268133349545
-0.000170039364643539
0.000162533483391493
-0.000154759374151030
0.000146726343853313
-0.000138444112065582
0.000129922800367644
-0.000121172921285343
0.000112205366357238
-0.000103031393779862
9.36626152097259e-05
-8.41109821695840e-05
7.43887716392732e-05
-6.45085712804913e-05
5.44832638781010e-05
-4.43260114492228e-05
3.40502386039977e-05
-2.36696156135017e-05
1.31980407672445e-05
-2.64962247909726e-06
-7.96133927182626e-06
1.86203717083123e-05
-2.93128486404108e-05
4.00240100102396e-05
-5.07389820047907e-05
6.14427972765301e-05
-7.21204156788847e-05
8.27567450549234e-05
-9.33366624849083e-05
0.000103845035529836
-0.000114266743875347
0.000124586700911785
-0.000134789875653988
0.000144861314535366
-0.000154786163478817
0.000164549689778552
-0.000174137304194266
0.000183534582791213
-0.000192727288927002
0.000201701394918121
-0.000210443103786848
0.000218938870620891
-0.000227175423946498
0.000235139786647299
-0.000242819296829325
0.000250201628164961
-0.000257274810116266
0.000264027247570816
-0.000270447740291024
0.000276525501710447
-0.000282250177478865
0.000287611863290443
-0.000292601122397512
0.000297209002345371
-0.000301427051331826
0.000305247333727883
-0.000308662445164862
0.000311665526725802
-0.000314250278647695
0.000316410973074475
-0.000318142466268832
0.000319440209824651
-0.000320300261290283
0.000320719293746305
-0.000320694604750286
0.000320224124194468
-0.000319306421491207
0.000317940711634500
-0.000316126860554969
0.000313865389319241
-0.000311157477593770
0.000308004965926712
-0.000304410357270813
0.000300376817303644
-0.000295908173971133
0.000291008915813778
-0.000285684189504271
0.000279939796159179
-0.000273782186856435
0.000267218456924316
-0.000260256339436907
0.000252904197484819
-0.000245171015659311
0.000237066390321881
-0.000228600519100482
0.000219784189187688
-0.000210628764885262
0.000201146173973328
-0.000191348893352012
0.000181249933536779
-0.000170862822458333
0.000160201588151568
-0.000149280740787274
0.000138115253634218
-0.000126720543408185
0.000115112449598517
-0.000103307213231585
9.13214546645880e-05
-7.91721508716618e-05
6.68766118185897e-05
-5.44524563906415e-05
4.19175874722112e-05
-2.92901666454363e-05
1.65885881087509e-05
-3.83145228493541e-06
-8.96246127833849e-06
2.17742212435561e-05
-3.45847724491930e-05
4.73749640322880e-05
-6.01255781011680e-05
7.28173584827292e-05
-8.54310399357282e-05
9.79473773532788e-05
-0.000110347175344377
0.000122611317716470
-0.000134720797247747
0.000146656745270148
-0.000158400461450615
0.000169933443291053
-0.000181237415733971
0.000192294360393328
-0.000203086544797528
0.000213596551163850
-0.000223807305091019
0.000233702103689268
-0.000243264643535047
0.000252479047969800
-0.000261329894130689
0.000269802239233316
-0.000277881646495048
0.000285554210220250
-0.000292806580436915
0.000299625986607469
-0.000306000260804721
0.000311917859877327
-0.000317367886997571
0.000322340112117730
-0.000326824991730059
0.000330813687458887
-0.000334298083882191
0.000337270805113853
-0.000339725230546683
0.000341655509290108
-0.000343056573705845
0.000343924151578449
-0.000344254777327382
0.000344045801800850
-0.000343295401061584
0.000342002583708467
-0.000340167197147842
0.000337789932362275
-0.000334872327594540
0.000331416770498572
-0.000327426499179221
0.000322905601676770
-0.000317859014322162
0.000312292518523285
-0.000306212736412477
0.000299627124919947
-0.000292543968707732
0.000284972371533219
-0.000276922246481296
0.000268404304638529
-0.000259430042652941
0.000250011728757135
-0.000240162387702715
0.000229895784188181
-0.000219226405232513
0.000208169441081023
-0.000196740765099808
0.000184956912249698
-0.000172835056600196
0.000160392987478229
-0.000147649084716431
0.000134622292599603
-0.000121332092977901
0.000107798477149250
-9.40419169832338e-05
8.00833348925650e-05
-6.59440731276411e-05
5.16458620040420e-05
-3.72107875416147e-05
2.26612581279708e-05
-8.01997068843500e-06
-6.69012402202361e-06
2.14458565199968e-05
-3.62238744697034e-05
5.10006788465263e-05
-6.57526607674048e-05
8.04561384982495e-05
-9.50873950158886e-05
0.000109622715632619
-0.000124038426058946
0.000138310930411120
-0.000152416749537493
0.000166332559169008
-0.000180035228266655
0.000193501857070183
-0.000206709815220258
0.000219636779457737
-0.000232260771271578
0.000244560193999186
-0.000256513869750580
0.000268101075660130
-0.000279301579837983
0.000290095676525344
-0.000300464220826504
0.000310388662522808
-0.000319851079342886
0.000328834209195541
-0.000337321481741274
0.000345297048811083
-0.000352745814050189
0.000359653461297923
-0.000366006482083929
0.000371792201754627
-0.000376998804613097
0.000381615357589503
-0.000385631832828724
0.000389039128715758
-0.000391829089729432
0.000393994524648984
-0.000395529223508273
0.000396427972826439
-0.000396686569514352
0.000396301832990416
-0.000395271615909809
0.000393594813045788
-0.000391271368732258
0.000388302282411476
-0.000384689612701430
0.000380436479532285
-0.000375547064771970
0.000370026610895916
-0.000363881418126802
0.000357118839604978
-0.000349747275021337
0.000341776162279116
-0.000333215967622236
0.000324078173802605
-0.000314375266729829
0.000304120720181634
-0.000293328979024301
0.000282015440527251
-0.000270196434226817
0.000257889199929057
-0.000245111864312407
0.000231883415725496
-0.000218223677646468
0.000204153280404628
-0.000189693631635981
0.000174866885078914
-0.000159695908186395
0.000144204248166195
-0.000128416096930503
0.000112356254570802
-9.60500918443694e-05
7.95235112927287e-05
-6.28029074825558e-05
4.59151259938154e-05
-2.88874216496017e-05
1.17474156163469e-05
5.47694812737049e-06
-2.27574473211018e-05
4.00656264503619e-05
-5.73728426363648e-05
7.46503118831342e-05
-9.18691560434107e-05
0.000109000449996098
-0.000126015269394397
0.000142884738474722
-0.000159580078283756
0.000176072654811702
-0.000192334027387455
0.000208335996822366
-0.000224050653656923
0.000239450425996378
-0.000254508127288558
0.000269197003529480
-0.000283490780250057
0.000297363708769074
-0.000310790612066340
0.000323746929761695
-0.000336208762554410
0.000348152915610083
-0.000359556941250729
0.000370399180436844
-0.000380658803399347
0.000390315848912133
-0.000399351262565920
0.000407746933536968
-0.000415485730214322
0.000422551534182809
-0.000428929272929040
0.000434604950771773
-0.000439565678388072
0.000443799700441286
-0.000447296421687148
0.000450046431069041
-0.000452041524184216
0.000453274723637569
-0.000453740297670650
0.000453433776588498
-0.000452351967378413
0.000450492966049657
-0.000447856168094828
0.000444442276608854
-0.000440253308473269
0.000435292598148834
-0.000429564799491460
0.000423075885141895
-0.000415833143911481
0.000407845175721998
-0.000399121884529568
0.000389674468798109
-0.000379515409960028
0.000368658458437281
-0.000357118617668103
0.000344912125720185
-0.000332056434943065
0.000318570189248160
-0.000304473199476598
0.000289786416450590
-0.000274531902175883
0.000258732798798113
-0.000242413295787757
0.000225598594963387
-0.000208314873834708
0.000190589246881877
-0.000172449725258988
0.000153925174544609
-0.000135045271033622
0.000115840456199100
-9.63418898244418e-05
7.65814014403081e-05
-5.65914405719605e-05
3.64050254369551e-05
-1.60556906039866e-05
-4.42256674217199e-06
2.49953414142206e-05
-4.56278760646429e-05
6.62851177370241e-05
-8.69317754726646e-05
0.000107532378448531
-0.000128051334989247
0.000148452991925636
-0.000168701694639175
0.000188761847261891
-0.000208597973368256
0.000228174776626086
-0.000247457201740650
0.000266410495157052
-0.000285000265853336
0.000303192545688031
-0.000320953849633268
0.000338251235356543
-0.000355052362481654
0.000371325550991693
-0.000387039839104977
0.000402165040087014
-0.000416671798330489
0.000430531644167603
-0.000443717047748255
0.000456201471450459
-0.000467959421158949
0.000478966495881089
-0.000489199436039152
0.000498636169911871
-0.000507255858568171
0.000515038938770267
-0.000521967164194180
0.000528023644449698
-0.000533192882253490
0.000537460808243511
-0.000540814813794487
0.000543243781329517
-0.000544738112494497
0.000545289753697778
-0.000544892219389490
0.000543540612590942
-0.000541231643056705
0.000537963642588409
-0.000533736577891622
0.000528552060503760
-0.000522413354193625
0.000515325379369891
-0.000507294714908558
0.000498329596946354
-0.000488439915059815
0.000477637205386789
-0.000465934641119948
0.000453347019938826
-0.000439890748819910
0.000425583825801113
-0.000410445819149875
0.000394497843520981
-0.000377762533562996
0.000360264014568917
-0.000342027870639327
0.000323081109962972
-0.000303452127692175
0.000283170666026961
-0.000262267771994128
0.000240775752543809
-0.000218728127458139
0.000196159579702763
-0.000173105903724128
0.000149603951330815
-0.000125691575669716
0.000101407572942728
-7.67916223818803e-05
5.18842241358831e-05
-2.67266355924885e-05
1.36080579651263e-06
2.41706915057193e-05
-4.98247265295855e-05
7.55576832861616e-05
-0.000101325530915382
0.000127083895975900
-0.000152788136014743
0.000178393413869205
-0.000203854773019142
0.000229127213437592
-0.000254165768253386
0.000278925580669678
-0.000303361981448162
0.000327430566399247
-0.000351087274184915
0.000374288463871457
-0.000396990992536143
0.000419152292362840
-0.000440730447528784
0.000461684270315811
-0.000481973376747395
0.000501558261183939
-0.000520400370177392
0.000538462175018152
-0.000555707243275631
0.000572100308766877
-0.000587607340256411
0.000602195608323724
-0.000615833750704493
0.000628491835545333
-0.000640141422882029
0.000650755623785467
-0.000660309157490402
0.000668778405956777
-0.000676141466185075
0.000682378199742000
-0.000687470279825406
0.000691401235332736
-0.000694156492270026
0.000695723411974920
-0.000696091326499988
0.000695251570639736
-0.000693197510957864
0.000689924571308945
-0.000685430255222197
0.000679714164652839
-0.000672778015480578
0.000664625649272681
-0.000655263041703504
0.000644698307160314
-0.000632941699939812
0.000620005611578073
-0.000605904564730959
0.000590655203160570
-0.000574276278257614
0.000556788631668057
-0.000538215174466549
0.000518580862457691
-0.000497912668060065
0.000476239548366335
-0.000453592409846545
0.000430004069299770
-0.000405509211532896
0.000380144343383233
-0.000353947744574854
0.000326959415036240
-0.000299221019179944
0.000270775826782119
-0.000241668650973014
0.000211945782985880
-0.000181654924185018
0.000150845115029658
-0.000119566661504327
8.78710586804735e-05
-5.58109119485793e-05
2.34398555948279e-05
9.18753073092502e-06
-4.20158079732859e-05
7.49887655011530e-05
-0.000108049511118817
0.000141140562696270
-0.000174203941720999
0.000207181268201866
-0.000240013857220256
0.000272642816552219
-0.000305009145649865
0.000337053835399274
-0.000368717968936700
0.000399942822934191
-0.000430669969630473
0.000460841379012387
-0.000490399521417453
0.000519287469957621
-0.000547449003028451
0.000574828706321992
-0.000601372074518012
0.000627025612207469
-0.000651736934150870
0.000675454864335367
-0.000698129534077002
0.000719712478556062
-0.000740156732042002
0.000759416921197091
-0.000777449356716689
0.000794212122697343
-0.000809665163993126
0.000823770370955176
-0.000836491661819157
0.000847795062140884
-0.000857648781551146
0.000866023287237048
-0.000872891374428814
0.000878228233308406
-0.000882011512628607
0.000884221379469524
-0.000884840575432700
0.000883854468711942
-0.000881251102353953
0.000877021238161836
-0.000871158396568457
0.000863658891947814
-0.000854521863707022
0.000843749302642432
-0.000831346072918902
0.000817319929172444
-0.000801681529111814
0.000784444441136130
-0.000765625147361140
0.000745243041588047
-0.000723320422624718
0.000699882482509693
-0.000674957290065345
0.000648575769347229
-0.000620771673431676
0.000591581553124340
-0.000561044721047176
0.000529203210701228
-0.000496101730977028
0.000461787615724000
-0.000426310768863886
0.000389723604672686
-0.000352080983728356
0.000313440144160861
-0.000273860628713333
0.000233404207261851
-0.000192134795313582
0.000150118368141036
-0.000107422871082279
6.41181256746288e-05
-2.02757321615019e-05
-2.40310319506545e-05
6.87273167363068e-05
-0.000113736808409210
0.000158981841036773
-0.000204383511714481
0.000249861798632421
-0.000295335682327969
0.000340723269546931
-0.000385941919996906
0.000430908375404725
-0.000475538891151122
0.000519749369883497
-0.000563455497368778
0.000606572879975849
-0.000649017184038108
0.000690704276473711
-0.000731550366902457
0.000771472150625010
-0.000810386952691669
0.000848212872414797
-0.000884868928540732
0.000920275204424467
-0.000954352993412144
0.000987024943764825
-0.00101821520331938
0.00104784956321138
-0.00107585560084845
0.00110216282145248
-0.00112670279835403
0.00114940931135332
-0.00117021848332863
0.00118906891440564
-0.00120590181386907
0.00122066112913247
-0.00123329367195168
0.00124374924120359
-0.00125198074242353
0.00125794430343242
-0.00126159938625836
0.00126290889469724
-0.00126183927773182
0.00125836062817058
-0.00125244677674443
0.00124407538104203
-0.00123322800954337
0.00121989022015482
-0.00120405163352875
0.00118570600059583
-0.00116485126461800
0.00114148961721637
-0.00111562754870806
0.00108727589223260
-0.00105644986202813
0.00102316908536391
-0.000987457628514887
0.000949344016309415
-0.000908861245659771
0.000866046792629260
-0.000820942613466930
0.000773595139183766
-0.000724055264119825
0.000672378328093015
-0.000618624092594078
0.000562856710631703
-0.000505144690703782
0.000445560854508290
-0.000384182288877786
0.000321090291556908
-0.000256370311311272
0.000190111881990125
-0.000122408551032723
5.33578020408897e-05
1.69390280927759e-05
-8.83768378800434e-05
0.000160846855268065
-0.000234236737387362
0.000308430675531612
-0.000383309505751858
0.000458750824581161
-0.000534629110272643
0.000610815849065548
-0.000687179666859556
0.000763586465807647
-0.000839899566200676
0.000915979853144853
-0.000991685928393562
0.00106687426681996
-0.00114139937787407
0.00121511397148993
-0.00128786912876265
0.00135951447683339
-0.00142989836827160
0.00149886806435900
-0.00156626992252765
0.00163194958731704
-0.00169575218506060
0.00175752252162174
-0.00181710528334373
0.00187434524048564
-0.00192908745325975
0.00198117747969345
-0.00203046158538190
0.00207678695430628
-0.00212000190073679
0.00215995608135074
-0.00219650070754308
0.00222948875702134
-0.00225877518462881
0.00228421713145922
-0.00230567413218374
0.00232300831963780
-0.00233608462657924
0.00234477098366426
-0.00234893851356026
0.00234846172025813
-0.00234321867352874
0.00233309118762170
-0.00231796499419637
0.00229772990863860
-0.00227227998981864
0.00224151369251937
-0.00220533401267566
0.00216364862474878
-0.00211637001148093
0.00206341558546611
-0.00200470780290301
0.00194017426909353
-0.00186974783618616
0.00179336669286705
-0.00171097444664068
0.00162252019854900
-0.00152795861111870
0.00142724996953345
-0.00132036023696789
0.00120726110422490
-0.00108793003475401
0.000962350305327957
-0.000830511043584379
0.000692407262830296
-0.000548039895427340
0.000397415825255553
-0.000240547920660739
7.74550684566523e-05
9.18377895549495e-05
-0.000267299616934227
0.000448893238336734
-0.000636575290014816
0.000830296163617386
-0.00102999994271123
0.00123562433061632
-0.00144710056906431
0.00166435334638421
-0.00188730069486250
0.00211585387614684
-0.00234991725453484
0.00258938815724009
-0.00283415672173056
0.00308410572951648
-0.00333911042679868
0.00359903833170330
-0.00386374902889481
0.00413309395170726
-0.00440691615303175
0.00468505006557863
-0.00496732125326260
0.00525354615486860
-0.00554353182231555
0.00583707565527022
-0.00613396513504580
0.00643397756017471
-0.00673687978724231
0.00704242798003274
-0.00735036737123820
0.00766043204044382
-0.00797234471328690
0.00828581658612831
-0.00860054718172692
0.00891622424080138
-0.00923252365545895
0.00954910944979148
-0.00986563381394619
0.0101817371971963
-0.0104970484664236
0.0108111851355054
-0.0111237536718332
0.0114343498850979
-0.0117425594040298
0.0120479582454853
-0.0123501134806165
-0.0123501134806165
0.0120479582454853
-0.0117425594040298
0.0114343498850979
-0.0111237536718332
0.0108111851355054
-0.0104970484664236
0.0101817371971963
-0.00986563381394619
0.00954910944979148
-0.00923252365545895
0.00891622424080138
-0.00860054718172692
0.00828581658612831
-0.00797234471328690
0.00766043204044382
-0.00735036737123820
0.00704242798003274
-0.00673687978724231
0.00643397756017471
-0.00613396513504580
0.00583707565527022
-0.00554353182231555
0.00525354615486860
-0.00496732125326260
0.00468505006557863
-0.00440691615303175
0.00413309395170726
-0.00386374902889481
0.00359903833170330
-0.00333911042679868
0.00308410572951648
-0.00283415672173056
0.00258938815724009
-0.00234991725453484
0.00211585387614684
-0.00188730069486250
0.00166435334638421
-0.00144710056906431
0.00123562433061632
-0.00102999994271123
0.000830296163617386
-0.000636575290014816
0.000448893238336734
-0.000267299616934227
9.18377895549495e-05
7.74550684566523e-05
-0.000240547920660739
0.000397415825255553
-0.000548039895427340
0.000692407262830296
-0.000830511043584379
0.000962350305327957
-0.00108793003475401
0.00120726110422490
-0.00132036023696789
0.00142724996953345
-0.00152795861111870
0.00162252019854900
-0.00171097444664068
0.00179336669286705
-0.00186974783618616
0.00194017426909353
-0.00200470780290301
0.00206341558546611
-0.00211637001148093
0.00216364862474878
-0.00220533401267566
0.00224151369251937
-0.00227227998981864
0.00229772990863860
-0.00231796499419637
0.00233309118762170
-0.00234321867352874
0.00234846172025813
-0.00234893851356026
0.00234477098366426
-0.00233608462657924
0.00232300831963780
-0.00230567413218374
0.00228421713145922
-0.00225877518462881
0.00222948875702134
-0.00219650070754308
0.00215995608135074
-0.00212000190073679
0.00207678695430628
-0.00203046158538190
0.00198117747969345
-0.00192908745325975
0.00187434524048564
-0.00181710528334373
0.00175752252162174
-0.00169575218506060
0.00163194958731704
-0.00156626992252765
0.00149886806435900
-0.00142989836827160
0.00135951447683339
-0.00128786912876265
0.00121511397148993
-0.00114139937787407
0.00106687426681996
-0.000991685928393562
0.000915979853144853
-0.000839899566200676
0.000763586465807647
-0.000687179666859556
0.000610815849065548
-0.000534629110272643
0.000458750824581161
-0.000383309505751858
0.000308430675531612
-0.000234236737387362
0.000160846855268065
-8.83768378800434e-05
1.69390280927759e-05
5.33578020408897e-05
-0.000122408551032723
0.000190111881990125
-0.000256370311311272
0.000321090291556908
-0.000384182288877786
0.000445560854508290
-0.000505144690703782
0.000562856710631703
-0.000618624092594078
0.000672378328093015
-0.000724055264119825
0.000773595139183766
-0.000820942613466930
0.000866046792629260
-0.000908861245659771
0.000949344016309415
-0.000987457628514887
0.00102316908536391
-0.00105644986202813
0.00108727589223260
-0.00111562754870806
0.00114148961721637
-0.00116485126461800
0.00118570600059583
-0.00120405163352875
0.00121989022015482
-0.00123322800954337
0.00124407538104203
-0.00125244677674443
0.00125836062817058
-0.00126183927773182
0.00126290889469724
-0.00126159938625836
0.00125794430343242
-0.00125198074242353
0.00124374924120359
-0.00123329367195168
0.00122066112913247
-0.00120590181386907
0.00118906891440564
-0.00117021848332863
0.00114940931135332
-0.00112670279835403
0.00110216282145248
-0.00107585560084845
0.00104784956321138
-0.00101821520331938
0.000987024943764825
-0.000954352993412144
0.000920275204424467
-0.000884868928540732
0.000848212872414797
-0.000810386952691669
0.000771472150625010
-0.000731550366902457
0.000690704276473711
-0.000649017184038108
0.000606572879975849
-0.000563455497368778
0.000519749369883497
-0.000475538891151122
0.000430908375404725
-0.000385941919996906
0.000340723269546931
-0.000295335682327969
0.000249861798632421
-0.000204383511714481
0.000158981841036773
-0.000113736808409210
6.87273167363068e-05
-2.40310319506545e-05
-2.02757321615019e-05
6.41181256746288e-05
-0.000107422871082279
0.000150118368141036
-0.000192134795313582
0.000233404207261851
-0.000273860628713333
0.000313440144160861
-0.000352080983728356
0.000389723604672686
-0.000426310768863886
0.000461787615724000
-0.000496101730977028
0.000529203210701228
-0.000561044721047176
0.000591581553124340
-0.000620771673431676
0.000648575769347229
-0.000674957290065345
0.000699882482509693
-0.000723320422624718
0.000745243041588047
-0.000765625147361140
0.000784444441136130
-0.000801681529111814
0.000817319929172444
-0.000831346072918902
0.000843749302642432
-0.000854521863707022
0.000863658891947814
-0.000871158396568457
0.000877021238161836
-0.000881251102353953
0.000883854468711942
-0.000884840575432700
0.000884221379469524
-0.000882011512628607
0.000878228233308406
-0.000872891374428814
0.000866023287237048
-0.000857648781551146
0.000847795062140884
-0.000836491661819157
0.000823770370955176
-0.000809665163993126
0.000794212122697343
-0.000777449356716689
0.000759416921197091
-0.000740156732042002
0.000719712478556062
-0.000698129534077002
0.000675454864335367
-0.000651736934150870
0.000627025612207469
-0.000601372074518012
0.000574828706321992
-0.000547449003028451
0.000519287469957621
-0.000490399521417453
0.000460841379012387
-0.000430669969630473
0.000399942822934191
-0.000368717968936700
0.000337053835399274
-0.000305009145649865
0.000272642816552219
-0.000240013857220256
0.000207181268201866
-0.000174203941720999
0.000141140562696270
-0.000108049511118817
7.49887655011530e-05
-4.20158079732859e-05
9.18753073092502e-06
2.34398555948279e-05
-5.58109119485793e-05
8.78710586804735e-05
-0.000119566661504327
0.000150845115029658
-0.000181654924185018
0.000211945782985880
-0.000241668650973014
0.000270775826782119
-0.000299221019179944
0.000326959415036240
-0.000353947744574854
0.000380144343383233
-0.000405509211532896
0.000430004069299770
-0.000453592409846545
0.000476239548366335
-0.000497912668060065
0.000518580862457691
-0.000538215174466549
0.000556788631668057
-0.000574276278257614
0.000590655203160570
-0.000605904564730959
0.000620005611578073
-0.000632941699939812
0.000644698307160314
-0.000655263041703504
0.000664625649272681
-0.000672778015480578
0.000679714164652839
-0.000685430255222197
0.000689924571308945
-0.000693197510957864
0.000695251570639736
-0.000696091326499988
0.000695723411974920
-0.000694156492270026
0.000691401235332736
-0.000687470279825406
0.000682378199742000
-0.000676141466185075
0.000668778405956777
-0.000660309157490402
0.000650755623785467
-0.000640141422882029
0.000628491835545333
-0.000615833750704493
0.000602195608323724
-0.000587607340256411
0.000572100308766877
-0.000555707243275631
0.000538462175018152
-0.000520400370177392
0.000501558261183939
-0.000481973376747395
0.000461684270315811
-0.000440730447528784
0.000419152292362840
-0.000396990992536143
0.000374288463871457
-0.000351087274184915
0.000327430566399247
-0.000303361981448162
0.000278925580669678
-0.000254165768253386
0.000229127213437592
-0.000203854773019142
0.000178393413869205
-0.000152788136014743
0.000127083895975900
-0.000101325530915382
7.55576832861616e-05
-4.98247265295855e-05
2.41706915057193e-05
1.36080579651263e-06
-2.67266355924885e-05
5.18842241358831e-05
-7.67916223818803e-05
0.000101407572942728
-0.000125691575669716
0.000149603951330815
-0.000173105903724128
0.000196159579702763
-0.000218728127458139
0.000240775752543809
-0.000262267771994128
0.000283170666026961
-0.000303452127692175
0.000323081109962972
-0.000342027870639327
0.000360264014568917
-0.000377762533562996
0.000394497843520981
-0.000410445819149875
0.000425583825801113
-0.000439890748819910
0.000453347019938826
-0.000465934641119948
0.000477637205386789
-0.000488439915059815
0.000498329596946354
-0.000507294714908558
0.000515325379369891
-0.000522413354193625
0.000528552060503760
-0.000533736577891622
0.000537963642588409
-0.000541231643056705
0.000543540612590942
-0.000544892219389490
0.000545289753697778
-0.000544738112494497
0.000543243781329517
-0.000540814813794487
0.000537460808243511
-0.000533192882253490
0.000528023644449698
-0.000521967164194180
0.000515038938770267
-0.000507255858568171
0.000498636169911871
-0.000489199436039152
0.000478966495881089
-0.000467959421158949
0.000456201471450459
-0.000443717047748255
0.000430531644167603
-0.000416671798330489
0.000402165040087014
-0.000387039839104977
0.000371325550991693
-0.000355052362481654
0.000338251235356543
-0.000320953849633268
0.000303192545688031
-0.000285000265853336
0.000266410495157052
-0.000247457201740650
0.000228174776626086
-0.000208597973368256
0.000188761847261891
-0.000168701694639175
0.000148452991925636
-0.000128051334989247
0.000107532378448531
-8.69317754726646e-05
6.62851177370241e-05
-4.56278760646429e-05
2.49953414142206e-05
-4.42256674217199e-06
-1.60556906039866e-05
3.64050254369551e-05
-5.65914405719605e-05
7.65814014403081e-05
-9.63418898244418e-05
0.000115840456199100
-0.000135045271033622
0.000153925174544609
-0.000172449725258988
0.000190589246881877
-0.000208314873834708
0.000225598594963387
-0.000242413295787757
0.000258732798798113
-0.000274531902175883
0.000289786416450590
-0.000304473199476598
0.000318570189248160
-0.000332056434943065
0.000344912125720185
-0.000357118617668103
0.000368658458437281
-0.000379515409960028
0.000389674468798109
-0.000399121884529568
0.000407845175721998
-0.000415833143911481
0.000423075885141895
-0.000429564799491460
0.000435292598148834
-0.000440253308473269
0.000444442276608854
-0.000447856168094828
0.000450492966049657
-0.000452351967378413
0.000453433776588498
-0.000453740297670650
0.000453274723637569
-0.000452041524184216
0.000450046431069041
-0.000447296421687148
0.000443799700441286
-0.000439565678388072
0.000434604950771773
-0.000428929272929040
0.000422551534182809
-0.000415485730214322
0.000407746933536968
-0.000399351262565920
0.000390315848912133
-0.000380658803399347
0.000370399180436844
-0.000359556941250729
0.000348152915610083
-0.000336208762554410
0.000323746929761695
-0.000310790612066340
0.000297363708769074
-0.000283490780250057
0.000269197003529480
-0.000254508127288558
0.000239450425996378
-0.000224050653656923
0.000208335996822366
-0.000192334027387455
0.000176072654811702
-0.000159580078283756
0.000142884738474722
-0.000126015269394397
0.000109000449996098
-9.18691560434107e-05
7.46503118831342e-05
-5.73728426363648e-05
4.00656264503619e-05
-2.27574473211018e-05
5.47694812737049e-06
1.17474156163469e-05
-2.88874216496017e-05
4.59151259938154e-05
-6.28029074825558e-05
7.95235112927287e-05
-9.60500918443694e-05
0.000112356254570802
-0.000128416096930503
0.000144204248166195
-0.000159695908186395
0.000174866885078914
-0.000189693631635981
0.000204153280404628
-0.000218223677646468
0.000231883415725496
-0.000245111864312407
0.000257889199929057
-0.000270196434226817
0.000282015440527251
-0.000293328979024301
0.000304120720181634
-0.000314375266729829
0.000324078173802605
-0.000333215967622236
0.000341776162279116
-0.000349747275021337
0.000357118839604978
-0.000363881418126802
0.000370026610895916
-0.000375547064771970
0.000380436479532285
-0.000384689612701430
0.000388302282411476
-0.000391271368732258
0.000393594813045788
-0.000395271615909809
0.000396301832990416
-0.000396686569514352
0.000396427972826439
-0.000395529223508273
0.000393994524648984
-0.000391829089729432
0.000389039128715758
-0.000385631832828724
0.000381615357589503
-0.000376998804613097
0.000371792201754627
-0.000366006482083929
0.000359653461297923
-0.000352745814050189
0.000345297048811083
-0.000337321481741274
0.000328834209195541
-0.000319851079342886
0.000310388662522808
-0.000300464220826504
0.000290095676525344
-0.000279301579837983
0.000268101075660130
-0.000256513869750580
0.000244560193999186
-0.000232260771271578
0.000219636779457737
-0.000206709815220258
0.000193501857070183
-0.000180035228266655
0.000166332559169008
-0.000152416749537493
0.000138310930411120
-0.000124038426058946
0.000109622715632619
-9.50873950158886e-05
8.04561384982495e-05
-6.57526607674048e-05
5.10006788465263e-05
-3.62238744697034e-05
2.14458565199968e-05
-6.69012402202361e-06
-8.01997068843500e-06
2.26612581279708e-05
-3.72107875416147e-05
5.16458620040420e-05
-6.59440731276411e-05
8.00833348925650e-05
-9.40419169832338e-05
0.000107798477149250
-0.000121332092977901
0.000134622292599603
-0.000147649084716431
0.000160392987478229
-0.000172835056600196
0.000184956912249698
-0.000196740765099808
0.000208169441081023
-0.000219226405232513
0.000229895784188181
-0.000240162387702715
0.000250011728757135
-0.000259430042652941
0.000268404304638529
-0.000276922246481296
0.000284972371533219
-0.000292543968707732
0.000299627124919947
-0.000306212736412477
0.000312292518523285
-0.000317859014322162
0.000322905601676770
-0.000327426499179221
0.000331416770498572
-0.000334872327594540
0.000337789932362275
-0.000340167197147842
0.000342002583708467
-0.000343295401061584
0.000344045801800850
-0.000344254777327382
0.000343924151578449
-0.000343056573705845
0.000341655509290108
-0.000339725230546683
0.000337270805113853
-0.000334298083882191
0.000330813687458887
-0.000326824991730059
0.000322340112117730
-0.000317367886997571
0.000311917859877327
-0.000306000260804721
0.000299625986607469
-0.000292806580436915
0.000285554210220250
-0.000277881646495048
0.000269802239233316
-0.000261329894130689
0.000252479047969800
-0.000243264643535047
0.000233702103689268
-0.000223807305091019
0.000213596551163850
-0.000203086544797528
0.000192294360393328
-0.000181237415733971
0.000169933443291053
-0.000158400461450615
0.000146656745270148
-0.000134720797247747
0.000122611317716470
-0.000110347175344377
9.79473773532788e-05
-8.54310399357282e-05
7.28173584827292e-05
-6.01255781011680e-05
4.73749640322880e-05
-3.45847724491930e-05
2.17742212435561e-05
-8.96246127833849e-06
-3.83145228493541e-06
1.65885881087509e-05
-2.92901666454363e-05
4.19175874722112e-05
-5.44524563906415e-05
6.68766118185897e-05
-7.91721508716618e-05
9.13214546645880e-05
-0.000103307213231585
0.000115112449598517
-0.000126720543408185
0.000138115253634218
-0.000149280740787274
0.000160201588151568
-0.000170862822458333
0.000181249933536779
-0.000191348893352012
0.000201146173973328
-0.000210628764885262
0.000219784189187688
-0.000228600519100482
0.000237066390321881
-0.000245171015659311
0.000252904197484819
-0.000260256339436907
0.000267218456924316
-0.000273782186856435
0.000279939796159179
-0.000285684189504271
0.000291008915813778
-0.000295908173971133
0.000300376817303644
-0.000304410357270813
0.000308004965926712
-0.000311157477593770
0.000313865389319241
-0.000316126860554969
0.000317940711634500
-0.000319306421491207
0.000320224124194468
-0.000320694604750286
0.000320719293746305
-0.000320300261290283
0.000319440209824651
-0.000318142466268832
0.000316410973074475
-0.000314250278647695
0.000311665526725802
-0.000308662445164862
0.000305247333727883
-0.000301427051331826
0.000297209002345371
-0.000292601122397512
0.000287611863290443
-0.000282250177478865
0.000276525501710447
-0.000270447740291024
0.000264027247570816
-0.000257274810116266
0.000250201628164961
-0.000242819296829325
0.000235139786647299
-0.000227175423946498
0.000218938870620891
-0.000210443103786848
0.000201701394918121
-0.000192727288927002
0.000183534582791213
-0.000174137304194266
0.000164549689778552
-0.000154786163478817
0.000144861314535366
-0.000134789875653988
0.000124586700911785
-0.000114266743875347
0.000103845035529836
-9.33366624849083e-05
8.27567450549234e-05
-7.21204156788847e-05
6.14427972765301e-05
-5.07389820047907e-05
4.00240100102396e-05
-2.93128486404108e-05
1.86203717083123e-05
-7.96133927182626e-06
-2.64962247909726e-06
1.31980407672445e-05
-2.36696156135017e-05
3.40502386039977e-05
-4.43260114492228e-05
5.44832638781010e-05
-6.45085712804913e-05
7.43887716392732e-05
-8.41109821695840e-05
9.36626152097259e-05
-0.000103031393779862
0.000112205366357238
-0.000121172921285343
0.000129922800367644
-0.000138444112065582
0.000146726343853313
-0.000154759374151030
0.000162533483391493
-0.000170039364643539
0.000177268133349545
-0.000184211336602518
0.000190860961522079
-0.000197209443157088
0.000203249671476259
-0.000208974997876766
0.000214379240774218
-0.000219456690706170
0.000224202114514660
-0.000228610759041570
0.000232678353906803
-0.000236401113799251
0.000239775739859163
-0.000242799420583377
0.000245469831827029
-0.000247785136342153
0.000249743982426657
-0.000251345502125666
0.000252589308560558
-0.000253475492829465
0.000254004620056319
-0.000254177725033943
0.000253996307039845
-0.000253462324271889
0.000252578187483989
-0.000251346753270377
0.000249771316580088
-0.000247855602911569
0.000245603759770239
-0.000243020347840123
0.000240110331453608
-0.000236879068811528
0.000233332301538422
-0.000229476144026411
0.000225317072153283
-0.000220861911828862
0.000216117826956223
-0.000211092307262411
0.000205793155585722
-0.000200228475074760
0.000194406655886795
-0.000188336361841021
0.000182026516614437
-0.000175486289936222
0.000168725083368509
-0.000161752516129542
0.000154578410546947
-0.000147212777597306
0.000139665802119584
-0.000131947828158168
0.000124069344023152
-0.000116040967523247
0.000107873430958388
-9.95775663271466e-05
9.11642903356196e-05
-8.26445896622346e-05
7.40295060644909e-05
-6.53301217816394e-05
5.65575448184609e-05
-4.77228945634515e-05
3.88372873258398e-05
-2.99118222437805e-05
2.09575671475130e-05
-1.19855448286419e-05
3.00671929850970e-06
5.96801751407351e-06
-1.49278590440142e-05
2.38620969006031e-05
-3.27601336271535e-05
4.16114949613167e-05
-5.04058420165660e-05
5.91329829378030e-05
-6.77828844527352e-05
7.63456828732857e-05
-8.48116949696879e-05
9.31714282729787e-05
-0.000101415591229687
0.000109535102765677
-0.000117521101684325
0.000125364955457164
-0.000133058268833507
0.000140592891828508
-0.000147960927517422
0.000155154739196824
-0.000162166957341907
0.000168990485921855
-0.000175618508503709
0.000182044493708051
-0.000188262200448186
0.000194265682517381
-0.000200049292957134
0.000205607687772313
-0.000210935829427314
0.000216028989690296
-0.000220882752260907
0.000225493014749702
-0.000229855990445781
0.000233968209442079
-0.000237826519555922
0.000241428086615337
-0.000244770394549842
0.000247851244857220
-0.000250668755886051
0.000253221361506415
-0.000255507809609622
0.000257527160010152
-0.000259278782191669
0.000260762352471076
-0.000261977851023289
0.000262925558341643
-0.000263606051577085
0.000264020200331945
-0.000264169162352181
0.000264054378694374
-0.000263677568811967
0.000263040725137750
-0.000262146107607506
0.000260996237702119
-0.000259593892453850
0.000257942097994283
-0.000256044123089847
0.000253903472243126
-0.000251523878805834
0.000248909297681890
-0.000246063898066945
0.000242992055802680
-0.000239698345792421
0.000236187534056555
-0.000232464569874250
0.000228534577589970
-0.000224402848531214
0.000220074832616127
-0.000215556130096927
0.000210852483017953
-0.000205969766834090
0.000200913981767901
-0.000195691244351258
0.000190307778729501
-0.000184769908173400
0.000179084046376806
-0.000173256688984969
0.000167294404930668
-0.000161203828023138
0.000154991648366313
-0.000148664604050668
0.000142229472695214
-0.000135693063282998
0.000129062207866121
-0.000122343753583460
0.000115544554566080
-0.000108671464173279
0.000101731327133472
-9.47309720322202e-05
8.76772037212189e-05
-8.05767960895499e-05
7.34364847706297e-05
-6.62629602255393e-05
5.90628607751610e-05
-5.18427660215066e-05
4.46091902298082e-05
-3.73685761110558e-05
3.01272885758807e-05
-2.28916088987751e-05
1.56677288630200e-05
-8.46174532423366e-06
1.27965476260696e-06
5.87265173916945e-06
-1.29893935228427e-05
2.00649049501337e-05
-2.70936399979934e-05
3.40701764181269e-05
-4.09892198925883e-05
4.78456077503813e-05
-5.46343126779539e-05
6.13504459888689e-05
-6.79892608861937e-05
7.45461552836834e-05
-8.10166746197659e-05
8.73965142310935e-05
-9.36815217201744e-05
9.98676988845147e-05
-0.000105951203642379
0.000111928351522999
-0.000117795617157040
0.000123549635335563
-0.000129187202073927
0.000134705275249223
-0.000140100975248212
0.000145371585194887
-0.000150514551194965
0.000155527482166932
-0.000160408149697307
0.000165154487490145
-0.000169764590848892
0.000174236715760815
-0.000178569278022572
0.000182760851977455
-0.000186810169303112
0.000190716117420591
-0.000194477737963731
0.000198094224880119
-0.000201564922602642
0.000204889323863195
-0.000208067067587839
0.000211097936444898
-0.000213981854485599
0.000216718884448883
-0.000219309225169999
0.000221753208664650
-0.000224051297328449
0.000226204080823393
-0.000228212273091097
0.000230076709064775
-0.000231798341519499
0.000233378237632707
-0.000234817575694517
0.000236117641539855
-0.000237279825141677
0.000238305616937476
-0.000239196604328074
0.000239954467920765
-0.000240580977955874
0.000241077990488522
-0.000241447443764541
0.000241691354362161
-0.000241811813538287
0.000241810983350754
-0.000241691092995228
0.000241454434927913
-0.000241103361212505
0.000240640279662381
-0.000240067650216192
0.000239387981117562
-0.000238603825336946
0.000237717776805953
-0.000236732466902064
0.000235650560753602
-0.000234474753802778
0.000233207768196389
-0.000231852349441491
0.000230411262895606
-0.000228887290528441
0.000227283227524190
-0.000225601879161250
0.000223846057538251
-0.000222018578582721
0.000220122258910933
-0.000218159912975258
0.000216134350067134
-0.000214048371611416
0.000211904768320157
-0.000209706317641626
0.000207455781071632
-0.000205155901762879
0.000202809401999648
-0.000200418980972633
0.000197987312420947
-0.000195517042576587
0.000193010787977008
-0.000190471133581579
0.000187900630757337
-0.000185301795568897
0.000182677106938523
-0.000180029005110173
0.000177359889983902
-0.000174672119753742
0.000171968009415605
-0.000169249829577889
0.000166519805140866
-0.000163780114277926
0.000161032887284139
-0.000158280205724830
0.000155524101449902
-0.000152766555906385
0.000150009499314216
-0.000147254810138096
0.000144504314420272
-0.000141759785406485
0.000139022943030266
-0.000136295453687553
0.000133578929866410
-0.000130874930064033
0.000128184958555643
-0.000125510465447169
0.000122852846576527
-0.000120213443694907
0.000117593544493104
-0.000114994382904292
0.000112417139247750
-0.000109862940645426
0.000107332861275546
-0.000104827922894909
0.000102349095194407
-9.98972964192493e-05
9.74733938182990e-05
-9.50782043539916e-05
9.27124952373630e-05
-9.03769847196322e-05
8.80723427047318e-05
-8.57991916143871e-05
8.35581070699905e-05
-8.13496188230724e-05
7.91742114985514e-05
-7.70323255825763e-05
7.49243582191011e-05
-7.28506642473303e-05
7.08115570439163e-05
-6.88073096021393e-05
6.68381554122220e-05
-6.49042895748028e-05
6.30058697119426e-05
-6.11430171077389e-05
5.93158176428586e-05
-5.75243229553229e-05
5.57685513917836e-05
-5.40484891817788e-05
5.23640913993581e-05
-5.07152831443269e-05
4.91019605080179e-05
-4.75239917557443e-05
4.59812182907001e-05
-4.44734558319564e-05
4.30004953711361e-05
-4.15621043406084e-05
4.01580275578936e-05
-3.87879883791178e-05
3.74516896264041e-05
-3.61488147221205e-05
3.48790285949565e-05
-3.36419787907569e-05
3.24372963534107e-05
-3.12645969085760e-05
3.01234815157129e-05
-2.90135377213926e-05
2.79343403794066e-05
-2.68854526706546e-05
2.58664268884822e-05
-2.48768054226255e-05
2.39161215074160e-05
-2.29839001674984e-05
2.20796589268983e-05
-2.12029087147076e-05
2.03531545332626e-05
-1.95298963223415e-05
1.87326295851935e-05
-1.79608462099362e-05
1.72140350525072e-05
-1.64916827145083e-05
1.57932740822742e-05
-1.51182930606641e-05
1.44662230678886e-05
-1.38365477250229e-05
1.32287513064482e-05
-1.26423193851143e-05
1.20767392387893e-05
-1.15315004513441e-05
1.10060952752564e-05
-1.05000191893726e-05
1.00127712183135e-05
-9.54385444752740e-06
9.09277630036631e-06
-8.65904901137817e-06
8.24218986213752e-06
-7.84172161382402e-06
7.45717270304645e-06
-7.08807763500248e-06
6.73397714060487e-06
-6.39441853167629e-06
6.06895582083597e-06
-5.75715004027662e-06
5.45856932604206e-06
-5.17278920197666e-06
4.89939263009020e-06
-4.63797026146481e-06
4.38812045442429e-06
-4.14944949420378e-06
3.92157158077937e-06
-3.70410901912481e-06
3.49669217857904e-06
-3.29895965559111e-06
3.11055820653095e-06
-2.93114288483720e-06
2.76037694914915e-06
-2.59793197680856e-06
2.44348774926717e-06
-2.29673234380628e-06
2.15736199813698e-06
-2.02508118224084e-06
1.89960244406761e-06
-1.78064646335511e-06
1.66794188025932e-06
-1.56122533301381e-06
1.46024127129183e-06
-1.36474197950065e-06
1.27448737661938e-06
-1.18924502684641e-06
1.10878992764872e-06
-1.03290450943255e-06
9.61378413402997e-07
-8.94008481870832e-07
8.30598527491670e-07
-7.70959315733953e-07
7.14908326998926e-07
-6.62269732666017e-07
6.12874151516407e-07
-5.66558620726743e-07
5.23166347915286e-07
-4.82546678365382e-07
4.44554843922857e-07
-4.09051927676870e-07
3.75904610816002e-07
-3.44985135877904e-07
3.16171052680881e-07
-2.89345181105671e-07
2.64395357080158e-07
-2.41214395876919e-07
2.19699838989954e-07
-1.99753918779023e-07
1.81283307102656e-07
-1.64199082038767e-07
1.48416478978918e-07
-1.33854860122271e-07
1.20437468654639e-07
-1.08091401612137e-07
9.67473677127947e-08
-8.63396641032539e-08
7.68059383116214e-08
-6.80871693401159e-08
6.01274341353344e-08
-5.28738933935957e-08
4.62765629002279e-08
-4.02883043412606e-08
3.48646017751388e-08
-2.99635577012729e-08
2.55456748706714e-08
-2.15738577874754e-08
1.80132000183019e-08
-1.48309912614364e-08
1.19965102368188e-08
-9.48103737817327e-09
7.25765338463941e-09
-5.30125755005069e-09
3.58837197601452e-09
-2.09716552093743e-09
8.07263641151187e-10
3.00222083886019e-10
-1.24287857981844e-09
2.03695626640153e-09
-2.69754827052218e-09
3.23855003658941e-09
-3.67283322355891e-09
4.01220012981623e-09
-4.26755246251717e-09
4.44884069965448e-09
-4.56522788583006e-09
4.62503417251462e-09
-4.63589586335471e-09
4.60470526632233e-09
-4.53776524031835e-09
4.44072460462420e-09
-4.31872836656591e-09
4.17634893868963e-09
-4.01773229788109e-09
3.84652522686024e-09
-3.66601761447480e-09
3.47906598605457e-09
-3.28823218422237e-09
3.09570344001763e-09
-2.90342766498977e-09
2.71303028925949e-09
-2.52594646428260e-09
2.34333489040893e-09
-2.16620713216072e-09
1.99533864353319e-09
-1.83139541021088e-09
1.67484246533060e-09
-1.52606815055877e-09
1.38529038926746e-09
-1.25267846600278e-09
1.12825737059837e-09
-1.01202766660585e-09
9.03867740193400e-10
-8.03652006351287e-10
7.11151385774179e-10
-6.26149921833260e-10
5.48343745126785e-10
-4.77456238725917e-10
4.13135672139642e-10
-3.55069081686775e-10
3.02878721624405e-10
-2.56234869949178e-10
2.14751191946855e-10
-1.78096591948643e-10
1.45889713928626e-10
-1.17809915914101e-10
9.34909819663040e-11
-7.26313766098663e-11
5.48871675106598e-11
-3.99813501633303e-11
0.785398163425043