N = 4
set_degree = 0
time: 0.0004763603210449219
generate matrix time spent: 0.0004901885986328125 sec
==================================
A:
[[-0.0224408   0.03069289 -0.11146663  0.07171947 -0.10472546 -0.02948213
   0.06075791 -0.06592378  0.04502425 -0.01175449  0.03260365 -0.06716275
   0.09219473  0.07137726 -0.0383319   0.02843728]
 [ 0.02843728 -0.0224408   0.03069289 -0.11146663  0.07171947 -0.10472546
  -0.02948213  0.06075791 -0.06592378  0.04502425 -0.01175449  0.03260365
  -0.06716275  0.09219473  0.07137726 -0.0383319 ]
 [-0.0383319   0.02843728 -0.0224408   0.03069289 -0.11146663  0.07171947
  -0.10472546 -0.02948213  0.06075791 -0.06592378  0.04502425 -0.01175449
   0.03260365 -0.06716275  0.09219473  0.07137726]
 [ 0.07137726 -0.0383319   0.02843728 -0.0224408   0.03069289 -0.11146663
   0.07171947 -0.10472546 -0.02948213  0.06075791 -0.06592378  0.04502425
  -0.01175449  0.03260365 -0.06716275  0.09219473]
 [ 0.09219473  0.07137726 -0.0383319   0.02843728 -0.0224408   0.03069289
  -0.11146663  0.07171947 -0.10472546 -0.02948213  0.06075791 -0.06592378
   0.04502425 -0.01175449  0.03260365 -0.06716275]
 [-0.06716275  0.09219473  0.07137726 -0.0383319   0.02843728 -0.0224408
   0.03069289 -0.11146663  0.07171947 -0.10472546 -0.02948213  0.06075791
  -0.06592378  0.04502425 -0.01175449  0.03260365]
 [ 0.03260365 -0.06716275  0.09219473  0.07137726 -0.0383319   0.02843728
  -0.0224408   0.03069289 -0.11146663  0.07171947 -0.10472546 -0.02948213
   0.06075791 -0.06592378  0.04502425 -0.01175449]
 [-0.01175449  0.03260365 -0.06716275  0.09219473  0.07137726 -0.0383319
   0.02843728 -0.0224408   0.03069289 -0.11146663  0.07171947 -0.10472546
  -0.02948213  0.06075791 -0.06592378  0.04502425]
 [ 0.04502425 -0.01175449  0.03260365 -0.06716275  0.09219473  0.07137726
  -0.0383319   0.02843728 -0.0224408   0.03069289 -0.11146663  0.07171947
  -0.10472546 -0.02948213  0.06075791 -0.06592378]
 [-0.06592378  0.04502425 -0.01175449  0.03260365 -0.06716275  0.09219473
   0.07137726 -0.0383319   0.02843728 -0.0224408   0.03069289 -0.11146663
   0.07171947 -0.10472546 -0.02948213  0.06075791]
 [ 0.06075791 -0.06592378  0.04502425 -0.01175449  0.03260365 -0.06716275
   0.09219473  0.07137726 -0.0383319   0.02843728 -0.0224408   0.03069289
  -0.11146663  0.07171947 -0.10472546 -0.02948213]
 [-0.02948213  0.06075791 -0.06592378  0.04502425 -0.01175449  0.03260365
  -0.06716275  0.09219473  0.07137726 -0.0383319   0.02843728 -0.0224408
   0.03069289 -0.11146663  0.07171947 -0.10472546]
 [-0.10472546 -0.02948213  0.06075791 -0.06592378  0.04502425 -0.01175449
   0.03260365 -0.06716275  0.09219473  0.07137726 -0.0383319   0.02843728
  -0.0224408   0.03069289 -0.11146663  0.07171947]
 [ 0.07171947 -0.10472546 -0.02948213  0.06075791 -0.06592378  0.04502425
  -0.01175449  0.03260365 -0.06716275  0.09219473  0.07137726 -0.0383319
   0.02843728 -0.0224408   0.03069289 -0.11146663]
 [-0.11146663  0.07171947 -0.10472546 -0.02948213  0.06075791 -0.06592378
   0.04502425 -0.01175449  0.03260365 -0.06716275  0.09219473  0.07137726
  -0.0383319   0.02843728 -0.0224408   0.03069289]
 [ 0.03069289 -0.11146663  0.07171947 -0.10472546 -0.02948213  0.06075791
  -0.06592378  0.04502425 -0.01175449  0.03260365 -0.06716275  0.09219473
   0.07137726 -0.0383319   0.02843728 -0.0224408 ]]
calculating condition number...
time spent for calculating condition number: 0.00015616416931152344 sec
kappa: 28.058449141710366
deg: 121
QSVT spends: 0.06462764739990234 sec
prepare circuit spends: 0.0646672248840332 sec
==================================
prepare state snapshot spends: 0.09007024765014648 sec
number of qubits: 6
post-measurement state: Statevector([ 0.13575848+6.26056683e-18j, -0.04312252-2.86048247e-18j,
              0.50081294-3.34725730e-18j,  0.07266658-2.47429949e-17j,
              0.37871565-7.02466985e-18j, -0.06600338-2.43475900e-18j,
             -0.03622503-5.73016192e-18j,  0.01750648+1.16714217e-18j,
             -0.00349823-6.36885369e-20j,  0.01998504-1.69307964e-17j,
              0.57459795+4.05030300e-18j,  0.10762064-4.17567331e-18j,
             -0.07434518+1.14432767e-17j, -0.44442577-1.15687640e-17j,
              0.0343786 +7.41204715e-18j,  0.16683922+8.46039028e-18j,
              0.        +0.00000000e+00j,  0.        +0.00000000e+00j,
              0.        +0.00000000e+00j,  0.        +0.00000000e+00j,
              0.        +0.00000000e+00j,  0.        +0.00000000e+00j,
              0.        +0.00000000e+00j,  0.        +0.00000000e+00j,
              0.        +0.00000000e+00j,  0.        +0.00000000e+00j,
              0.        +0.00000000e+00j,  0.        +0.00000000e+00j,
              0.        +0.00000000e+00j,  0.        +0.00000000e+00j,
              0.        +0.00000000e+00j,  0.        +0.00000000e+00j,
              0.        +0.00000000e+00j,  0.        +0.00000000e+00j,
              0.        +0.00000000e+00j,  0.        +0.00000000e+00j,
              0.        +0.00000000e+00j,  0.        +0.00000000e+00j,
              0.        +0.00000000e+00j,  0.        +0.00000000e+00j,
              0.        +0.00000000e+00j,  0.        +0.00000000e+00j,
              0.        +0.00000000e+00j,  0.        +0.00000000e+00j,
              0.        +0.00000000e+00j,  0.        +0.00000000e+00j,
              0.        +0.00000000e+00j,  0.        +0.00000000e+00j,
              0.        +0.00000000e+00j,  0.        +0.00000000e+00j,
              0.        +0.00000000e+00j,  0.        +0.00000000e+00j,
              0.        +0.00000000e+00j,  0.        +0.00000000e+00j,
              0.        +0.00000000e+00j,  0.        +0.00000000e+00j,
              0.        +0.00000000e+00j,  0.        +0.00000000e+00j,
              0.        +0.00000000e+00j,  0.        +0.00000000e+00j,
              0.        +0.00000000e+00j,  0.        +0.00000000e+00j,
              0.        +0.00000000e+00j,  0.        +0.00000000e+00j],
            dims=(2, 2, 2, 2, 2, 2))
post-selection spends: 0.0053937435150146484 sec
res: [-0.24620914 -0.15323349 -0.432936   -0.212429   -0.3704394  -0.14142827
 -0.15820958 -0.18412896 -0.17501626 -0.18547942 -0.47068112 -0.23026766
 -0.13877238  0.05208618 -0.19429253 -0.26050394]
Classically solving Ax=b time spent: 0.0011792182922363281 sec
==================================
kappa: 28.058449141710366
total_variation (exact): 0.37300360176881797
==================================
qc depth: 486
transpilation spends: 1.2128963470458984 sec
transpiled qc depth: 727
run job spends: 0.05014991760253906 sec
total execution time (exclude snapshot): 1.3277134895324707 sec
