N = 8
set_degree = 0
time: 0.005014657974243164
generate matrix time spent: 0.005032539367675781 sec
==================================
A:
[[-0.00128538 -0.00175805 -0.00638468 ... -0.00138803 -0.00455509
  -0.00020002]
 [-0.00020002 -0.00128538 -0.00175805 ... -0.00478764 -0.00138803
  -0.00455509]
 [-0.00455509 -0.00020002 -0.00128538 ... -0.00494624 -0.00478764
  -0.00138803]
 ...
 [ 0.00410801 -0.00599855 -0.0016887  ... -0.00128538 -0.00175805
  -0.00638468]
 [-0.00638468  0.00410801 -0.00599855 ... -0.00020002 -0.00128538
  -0.00175805]
 [-0.00175805 -0.00638468  0.00410801 ... -0.00455509 -0.00020002
  -0.00128538]]
calculating condition number...
time spent for calculating condition number: 0.015012025833129883 sec
kappa: 79.15594034690965
deg: 121
QSVT spends: 0.21249961853027344 sec
prepare circuit spends: 0.21266818046569824 sec
==================================
prepare state snapshot spends: 0.1387801170349121 sec
number of qubits: 10
post-measurement state: Statevector([-0.06566634-7.75493804e-20j,  0.02724957-2.19487267e-18j,
              0.04589014+8.00855548e-20j, ...,  0.        +0.00000000e+00j,
              0.        +0.00000000e+00j,  0.        +0.00000000e+00j],
            dims=(2, 2, 2, 2, 2, 2, 2, 2, 2, 2))
post-selection spends: 0.0017590522766113281 sec
res: [-0.01770597 -0.05512258 -0.02141012  0.00356608 -0.11875553 -0.0671911
 -0.05015506  0.08157019  0.03373003 -0.04556105 -0.05274241 -0.13852934
 -0.11589486  0.03539832  0.00550179 -0.07866076  0.0049232  -0.07741078
 -0.00711625 -0.06565891 -0.06336092 -0.02434032 -0.0346161  -0.00378426
  0.02716328  0.01763764 -0.09252539 -0.12793565 -0.10320088 -0.07672244
  0.03658075  0.00927893 -0.02638467 -0.03670819 -0.06178788 -0.01913885
  0.01666758 -0.05286539 -0.04750907 -0.0037153   0.03742036  0.00282754
 -0.04040819 -0.07335554 -0.13931676 -0.03578484 -0.06272509  0.02207548
 -0.03701945 -0.03748291 -0.06509244 -0.01707138 -0.07843369 -0.03720296
 -0.06387972 -0.06412943 -0.07853389 -0.11804809 -0.01795115  0.03132338
 -0.01963298 -0.06815497 -0.0344065   0.00285756  0.04538564 -0.01712183
 -0.12776661  0.0459084   0.00069046  0.09068274 -0.04217479 -0.10874923
 -0.16609834 -0.09924804 -0.05760322 -0.00376115  0.00924529 -0.05158001
 -0.03601594 -0.05765697  0.00062283 -0.03542633 -0.10592401 -0.08995164
 -0.07448677 -0.01983385 -0.00927443 -0.00248571 -0.09273124 -0.12364244
 -0.05769619  0.02514879  0.01957152 -0.05660297 -0.0751076  -0.05310024
  0.01352962 -0.02990244 -0.0621859  -0.10000306 -0.02290579 -0.01748555
  0.03974243  0.0318983  -0.00458537 -0.09330633 -0.12756745 -0.0468723
 -0.0853579  -0.06878953 -0.064856   -0.06654495 -0.06751966 -0.00060595
 -0.03449351 -0.00058324 -0.07313839 -0.10629903 -0.05192552 -0.03304575
 -0.01965955 -0.0999141  -0.11095832 -0.04639559  0.0269822  -0.06304767
 -0.07298446 -0.05610361 -0.05256416  0.01844671  0.02478122 -0.00892913
 -0.07326192 -0.0273604  -0.03997792 -0.06482176 -0.04199569  0.03202003
 -0.03596833 -0.07023467  0.01196994 -0.05229378 -0.03810966 -0.10449582
 -0.12486276 -0.10067606 -0.01848066 -0.01004262  0.0454675  -0.09135767
 -0.091304   -0.05713878 -0.02615923 -0.00799387 -0.04599985 -0.03337895
 -0.07300802  0.00436819  0.01297452 -0.08420511 -0.08564247 -0.01739925
 -0.04703127 -0.01437314  0.02815687 -0.03373217 -0.0087774  -0.06219587
 -0.08692199 -0.02438362 -0.03747438 -0.02746775 -0.05931734 -0.02899102
 -0.01873195  0.0470882  -0.10591085 -0.08742386 -0.1048083  -0.10805873
  0.00596681 -0.00971567 -0.02618417 -0.03441627 -0.05456902 -0.0191066
  0.0368569  -0.08289003 -0.10910417 -0.10727661 -0.0664147  -0.0428104
 -0.06751893 -0.00872878 -0.03282898 -0.06691602 -0.03692013 -0.00492884
 -0.05673831 -0.01675867 -0.1193344  -0.00536294 -0.01064627 -0.01229517
 -0.01734717 -0.07535112 -0.13158807 -0.0571902  -0.00529857 -0.02993723
 -0.05224514 -0.11470647 -0.1146941  -0.08748656 -0.09722875 -0.04807931
 -0.10542675 -0.07888778  0.03151944  0.04429083 -0.0009958  -0.06881715
 -0.10346733 -0.07154681 -0.04531869  0.02402299 -0.00229688  0.00529115
 -0.0808302  -0.08824946 -0.01767772  0.00698624 -0.0336499  -0.09788285
 -0.10291594  0.03906447  0.01206032 -0.05015236 -0.11966003 -0.06336819
 -0.05593378  0.02547766  0.02000444 -0.02448859 -0.07398103 -0.07881584
 -0.03456148 -0.0291563  -0.02516694 -0.11218177 -0.0596603  -0.10321814
 -0.0487058   0.01168263 -0.00473263  0.00249444]
Classically solving Ax=b time spent: 0.0020754337310791016 sec
==================================
kappa: 79.15594034690965
total_variation (exact): 0.5235268715869992
==================================
qc depth: 486
transpilation spends: 0.8798031806945801 sec
transpiled qc depth: 727
run job spends: 13.50987696647644 sec
total execution time (exclude snapshot): 14.602348327636719 sec
