N = 9
set_degree = 0
time: 0.007622480392456055
generate matrix time spent: 0.007635593414306641 sec
==================================
A:
[[-0.0006392   0.00087425 -0.00317501 ...  0.00275149 -0.00238668
  -0.00293017]
 [-0.00293017 -0.0006392   0.00087425 ...  0.00204605  0.00275149
  -0.00238668]
 [-0.00238668 -0.00293017 -0.0006392  ...  0.00213408  0.00204605
   0.00275149]
 ...
 [ 0.00204285 -0.00298299  0.00083977 ... -0.0006392   0.00087425
  -0.00317501]
 [-0.00317501  0.00204285 -0.00298299 ... -0.00293017 -0.0006392
   0.00087425]
 [ 0.00087425 -0.00317501  0.00204285 ... -0.00238668 -0.00293017
  -0.0006392 ]]
calculating condition number...
time spent for calculating condition number: 0.056389570236206055 sec
kappa: 34.27889705792397
deg: 121
QSVT spends: 0.8392670154571533 sec
prepare circuit spends: 0.8394792079925537 sec
==================================
prepare state snapshot spends: 0.45316314697265625 sec
number of qubits: 11
post-measurement state: Statevector([ 0.00555635-1.38458675e-20j, -0.03564364-3.51314923e-19j,
              0.0289714 +4.02454856e-19j, ...,  0.        +0.00000000e+00j,
              0.        +0.00000000e+00j,  0.        +0.00000000e+00j],
            dims=(2, 2, 2, 2, 2, 2, 2, 2, 2, 2, 2))
post-selection spends: 0.0018944740295410156 sec
res: [ 1.67114621e-02  8.64553261e-02 -1.85592306e-02 -5.71684331e-03
  1.05863773e-02  8.87606883e-02 -4.65040050e-04 -2.48695705e-02
  4.15026160e-02  1.62799597e-02  2.13471873e-02 -2.03691320e-02
 -2.33531983e-02  5.46183255e-02  8.53923366e-02 -1.74986592e-02
 -2.03060336e-02  1.96227461e-03 -6.33748247e-02 -6.13322770e-02
  7.56039762e-02  3.87131214e-02  1.72552576e-02 -7.17827598e-04
  5.37089899e-03  7.79096487e-02 -3.70050886e-02  6.36437115e-02
 -1.22772331e-02  1.21304713e-02  5.12196800e-02  1.76475884e-02
 -4.59576945e-02  7.87347162e-02 -3.72561340e-02 -6.78748743e-03
  1.18944307e-02 -1.18685619e-03 -5.88114923e-02 -5.07307990e-02
  3.96572507e-03  6.62947483e-03  7.51967652e-02  1.59234463e-03
 -7.43832253e-02 -2.62001086e-03  7.97196004e-02 -4.20883295e-02
 -6.95650265e-02  1.54151392e-02  4.53827174e-03 -1.36151076e-01
  4.30000599e-02  5.73056984e-02 -1.70310796e-02 -1.29362171e-02
 -3.07638119e-02  2.57636106e-03  8.96010364e-02  4.17607645e-03
 -9.73328833e-02  1.20462242e-04  8.25907930e-02  8.24933073e-04
 -4.14455592e-02  1.20833371e-01  2.70921612e-02  1.63145940e-02
  3.78403551e-02  3.73518050e-02 -3.76041783e-03  3.94564934e-02
 -6.94725395e-02 -2.27956871e-02  5.26726316e-02 -1.64363043e-02
 -3.66195068e-02  5.52061114e-02  1.02655380e-01 -6.40767411e-02
 -4.06300317e-02  1.94518011e-02  9.73793470e-03  1.26755151e-02
 -8.30350848e-03 -5.00444143e-02  2.06251245e-03 -1.03515234e-02
 -5.88966874e-02 -4.45170111e-02  1.45051775e-02  2.75369905e-02
  3.43413672e-02  3.70664751e-02  1.66572584e-03 -4.28363755e-02
  2.72893904e-05 -2.27429452e-02  4.03002827e-02  1.13325575e-02
  3.48921128e-02 -4.76724546e-02 -4.01049345e-02  6.62740974e-02
 -6.05768018e-03  6.76716079e-03 -5.34352953e-03  3.69940477e-02
 -7.88112732e-02 -1.53314701e-02  1.61281899e-02  2.71687029e-02
 -8.01045707e-02  2.78847871e-02  2.71783051e-02 -1.32866095e-02
 -3.83810082e-02 -8.70137709e-02  5.83948389e-02  3.85524308e-02
 -7.91823264e-03 -2.86436253e-02  7.37770104e-03 -3.53629901e-02
 -2.15795774e-02  2.22454777e-02 -3.28829044e-02  5.18105730e-02
  2.56907830e-02  2.43212588e-04 -1.05158084e-02  3.77882888e-02
  1.00281944e-02 -6.91478952e-02  5.15145168e-03 -8.91340230e-03
 -3.46514154e-02 -9.09835530e-02  6.12143654e-02  7.61104554e-02
 -8.50392370e-02  1.24324019e-02  8.92912137e-03 -4.63139303e-02
 -4.92769137e-02  2.15146772e-02 -8.30524840e-02  5.38359557e-02
  2.36021759e-02 -6.21065167e-02  7.76193427e-03  8.43138716e-02
 -1.27621852e-01 -6.34552715e-02  5.06149698e-02 -8.54112218e-02
 -3.06550363e-02  4.08386304e-02  2.37223932e-02  7.63134571e-03
  7.47310450e-02 -6.89131032e-02  5.68752532e-03  4.06218622e-02
 -2.29548181e-03 -1.43198554e-02  2.86878125e-02  3.80106845e-02
 -3.02381380e-02 -5.61097921e-02  3.47733135e-02  8.01343517e-02
  4.06066463e-02 -2.95090938e-02 -3.56404524e-02  9.73625886e-02
  4.48971488e-02 -5.60539011e-02 -8.43189242e-03  4.85475485e-02
 -2.51279708e-02  1.52381610e-02  6.44155485e-03  8.34080774e-02
 -3.25656754e-03 -3.12664296e-02  3.47800578e-02  4.92701402e-02
  4.61079785e-02  3.07695927e-02 -4.32832889e-02  5.83928952e-02
  8.33861614e-02 -3.37117355e-02 -1.54823611e-02  7.21753510e-02
  1.83231924e-02 -4.13165238e-02  6.75472576e-03 -8.89152101e-04
 -1.84725588e-02  6.91205471e-03 -6.55257671e-02 -8.61395781e-03
  2.08941150e-02 -2.69245986e-02 -4.95467835e-02 -1.96176114e-03
  6.48631247e-02  1.45973773e-03  3.69929076e-02 -4.41737865e-03
  5.14248911e-02 -1.00258699e-01 -4.20545045e-02 -2.36340177e-02
 -5.56089090e-02  5.61152861e-02  8.31874983e-03 -5.83410974e-02
 -6.16042488e-02 -2.94528578e-02 -4.94838489e-02 -2.35515034e-02
  4.34147257e-02 -3.83178856e-02 -8.22863195e-02  6.95465151e-02
  6.08881033e-02 -3.85651393e-02  2.09418061e-02  7.44883495e-03
 -2.97782465e-02  3.01835103e-02  3.22956897e-02 -3.49566108e-02
  6.88906554e-02  4.98336144e-02 -1.11968701e-01  4.17587640e-02
  6.80344731e-02 -3.82285682e-02 -3.64940772e-02  1.45961758e-02
  5.53328736e-02  1.94711695e-02 -8.47074022e-03 -2.89491360e-02
 -2.03166086e-02  9.21798265e-03 -6.27023980e-03 -5.52587603e-02
  1.22685670e-03  1.04332525e-02  5.03587604e-03  1.32147833e-02
  4.75168520e-02 -4.25441676e-02  3.04370805e-02 -7.97946307e-03
  9.06626717e-03  6.10773964e-02  1.42052395e-02 -5.20811996e-02
  3.31407739e-03  7.34870356e-02  2.03521618e-02  3.39517217e-02
  4.19148337e-02  2.55101260e-02  2.93011525e-03  4.35090739e-02
 -3.68526678e-02  1.59605591e-02 -2.01308709e-02  3.15811804e-02
 -7.58452432e-03  1.44428996e-02 -2.28230150e-04 -9.63097178e-03
  8.86800611e-02  2.74641545e-02  1.72268568e-02 -4.27452980e-02
  2.12360908e-02  2.41610159e-02 -1.57995518e-02 -4.07989724e-02
  9.82549545e-02 -1.80247056e-02  2.09031610e-02 -2.27948366e-02
 -6.19604428e-02  6.43841736e-03  1.40439574e-02 -1.92551916e-02
 -2.16346491e-02  4.00990148e-02  2.12571549e-02 -4.60576580e-02
 -1.17068221e-02  2.42001247e-02  2.49600687e-02  2.28187199e-02
 -2.94302226e-02 -2.26072703e-02 -3.71986239e-02  7.36668764e-03
 -5.75017376e-02 -2.18064826e-02 -2.68627089e-02 -6.67376775e-02
 -9.62175230e-02  6.09969484e-02 -1.72049487e-02 -2.29774690e-02
  2.83871335e-02  1.10232128e-02 -4.56480503e-03 -5.56032217e-02
 -3.58310586e-02 -7.81657632e-02  7.77292978e-02  3.08642012e-02
 -2.21001152e-02 -4.52548393e-02  4.57232663e-02 -1.22402386e-01
  2.14615955e-02  4.52052226e-02  3.26257223e-02 -1.44999775e-02
 -1.12482828e-02  6.69702057e-02  4.40313536e-03 -2.06366827e-02
 -5.72445398e-02 -3.13630203e-03  6.20706583e-02  2.49134863e-02
 -7.38203735e-02 -3.02747039e-02  6.06023615e-02 -3.35303879e-02
  1.10616699e-02  3.50090476e-02 -4.53127807e-03  1.19204277e-03
 -1.87804844e-02 -1.09435823e-02  6.00575887e-02  1.20686429e-01
  1.68306685e-02  1.76079640e-02  9.32697019e-02  8.64763949e-03
 -3.05478984e-02  4.79844008e-03  2.77005492e-02  1.90136020e-03
  4.73604403e-02 -1.44311899e-02  6.46952438e-02 -3.65050208e-02
  3.83307873e-02  9.62393323e-03  7.03575336e-02  6.42277129e-03
 -5.22993581e-02  1.10125593e-02  4.75304125e-02 -1.20040941e-02
 -1.26614689e-01  2.63884583e-02  3.50062918e-03  3.99873545e-02
 -9.65992419e-03  2.81591060e-02 -5.52965726e-02  1.11836057e-02
  4.32357819e-03 -1.79727084e-02 -1.18253698e-02  4.30221041e-02
 -3.94846838e-02 -2.65393182e-02  8.42639600e-03  7.80792331e-02
 -7.55580366e-02 -2.89423777e-02 -3.53383215e-02 -1.60692213e-02
 -1.63170299e-02 -3.36853827e-02 -7.72604242e-02  9.64053309e-02
  3.53054528e-02 -2.50251246e-02  1.05368502e-02  2.80384742e-02
 -2.96363701e-02 -5.72411013e-02  5.23076728e-02  6.96942337e-03
 -3.78843864e-02 -6.04579514e-02  4.43309277e-02 -2.85030418e-02
  1.73281284e-02 -4.04653852e-02 -8.61416072e-03  6.48305103e-02
 -3.12106553e-03 -9.82934415e-03 -4.92992869e-03  1.82590057e-02
  2.64524860e-02  5.88785005e-03  1.01760873e-02 -1.92656567e-02
  2.15822362e-02  3.76403005e-02  4.22485926e-02 -1.58856336e-02
 -4.56432734e-03 -5.54225294e-02 -9.44038222e-02  1.18064495e-01
  3.25411572e-02 -5.22542516e-02  5.92160342e-03  4.23827723e-02
  5.08594478e-04  3.99737421e-02 -6.91264322e-04 -2.65055472e-02
  1.11120821e-03  1.20110468e-02 -1.48526392e-02 -3.38652864e-02
  9.60807989e-03 -2.71998493e-02  6.26096045e-02 -4.34548526e-02
  5.44475713e-02 -2.87241530e-02 -3.91861208e-03  2.68808633e-02
  6.21964860e-02 -2.79944391e-02 -2.91868958e-02  5.56812387e-02
 -3.91869827e-03  4.11963153e-02 -5.54692398e-05 -2.86341303e-02
 -3.30401608e-02  2.36413229e-02 -4.22596317e-02  4.47264331e-02
 -5.80360015e-04 -7.03648018e-02  2.27088719e-02  9.09015183e-02
 -5.92251188e-02 -1.37310103e-02 -4.45132937e-02 -4.89141159e-02
  1.46943167e-02  9.81223664e-02 -9.65640635e-02 -6.01179791e-02
 -2.73904345e-02 -4.49215582e-02 -3.84432140e-02  2.77319562e-02
 -6.15088517e-02 -5.40468071e-02 -7.68778087e-03 -5.11465252e-02
 -1.66043881e-02 -1.25040096e-03 -3.22615920e-02 -6.21118590e-02
 -2.53582233e-02  6.53931208e-03 -2.01295273e-02 -1.34153330e-02
  3.88863157e-02 -4.67304086e-02 -2.51613353e-04  2.58417871e-04
 -7.47258656e-03 -2.79702090e-02  2.51656439e-02  1.22509985e-02
  1.36579738e-02  1.08645137e-02 -4.21213115e-03 -2.94744828e-02
  2.53277248e-02 -7.49017044e-03 -9.33332348e-02 -1.46909759e-02
  1.79646963e-02  6.17297196e-02  3.63098036e-03  6.45815255e-02
 -1.17673258e-02  4.22869594e-03 -1.21306534e-02 -6.37468830e-02]
Classically solving Ax=b time spent: 0.006894826889038086 sec
==================================
kappa: 34.27889705792397
total_variation (exact): 0.5057704183177396
==================================
qc depth: 486
transpilation spends: 0.28333210945129395 sec
transpiled qc depth: 727
run job spends: 0.03213334083557129 sec
total execution time (exclude snapshot): 1.154944658279419 sec
