0.785467649920861
-6.03055687316314e-05
5.10522144892396e-05
-4.17410729164446e-05
3.23878289205922e-05
-4.83278573069212e-05
4.18345409128417e-05
-3.53042823945907e-05
2.87503005233418e-05
-2.21801325446360e-05
1.56100747051823e-05
-9.04458937987448e-06
2.48953637854931e-06
4.05778980277340e-06
-1.05791631150663e-05
1.70640016056779e-05
-2.35092190268488e-05
2.98997154538362e-05
-3.62288565621998e-05
4.24828948922789e-05
-4.86552967202925e-05
5.47324343817677e-05
-6.07087787674953e-05
6.65693141554929e-05
-7.23143664221463e-05
7.79330272095655e-05
-8.34133142261362e-05
8.87502171384133e-05
-9.39332187639082e-05
9.89575197475100e-05
-0.000103814282869046
0.000108504368979058
-0.000113013064236948
0.000117334090397829
-0.000121472012409040
0.000125404459682631
-0.000129146782526711
0.000132678716573368
-0.000136002864769889
0.000139116953400433
-0.000142010324158837
0.000144678246101546
-0.000147110900516757
0.000149302761294099
-0.000151254611072430
0.000152966788816862
-0.000154436770276359
0.000155662132904384
-0.000156650230518351
0.000157392442947625
-0.000157895358652394
0.000158157614243132
-0.000158177643568118
0.000157968889847195
-0.000157520094675376
0.000156841148417205
-0.000155932851449595
0.000154799449351168
-0.000153447869798419
0.000151876187195091
-0.000150094351656079
0.000148084153653297
-0.000145847086244198
0.000143381752500784
-0.000140688526077832
0.000137785869059963
-0.000134670820464928
0.000131358732910149
-0.000127846164506118
0.000124150118542607
-0.000120268752767070
0.000116219027614195
-0.000112002231427684
0.000107631590959219
-0.000103109124275730
9.84520363499489e-05
-9.36654507066636e-05
8.87526500531997e-05
-8.37339206670026e-05
7.86095345962537e-05
-7.33921619499318e-05
6.80928177304493e-05
-6.27155368333219e-05
5.72766309028967e-05
-5.17846335025556e-05
4.62413326760608e-05
-4.06606324928554e-05
3.50569179032733e-05
-2.94336401024849e-05
2.38024403539564e-05
-1.81719766353216e-05
1.25466570891591e-05
-6.94179413030454e-06
1.34795766611286e-06
4.21779822099319e-06
-9.75521092647492e-06
1.52497839809667e-05
-2.07011872917847e-05
2.60950840267632e-05
-3.14324829593902e-05
3.66949759696841e-05
-4.18816966513311e-05
4.69783630460992e-05
-5.19905405847600e-05
5.69030752559776e-05
-6.17089245315602e-05
6.64041485764559e-05
-7.09895596744442e-05
7.54471246495909e-05
-7.97758663083079e-05
8.39761842803876e-05
-8.80380080444126e-05
9.19615625558800e-05
-9.57391052473071e-05
9.93626441337500e-05
-0.000102831755390029
0.000106151363883296
-0.000109304101242631
0.000112300019662319
-0.000115128174601421
0.000117786240160039
-0.000120282139597861
0.000122602812894702
-0.000124738694662828
0.000126680966675493
-0.000128437687645425
0.000130005053211678
-0.000131379487404054
0.000132564916081411
-0.000133561139881085
0.000134364082960950
-0.000134980367169757
0.000135412992678657
-0.000135651739201511
0.000135716125691513
-0.000135591676732763
0.000135289006140436
-0.000134810604089794
0.000134152232377164
-0.000133329255604390
0.000132333348835721
-0.000131145144693710
0.000129757471065000
-0.000128180449295042
0.000126415806679265
-0.000124467151684471
0.000122338544214640
-0.000120030849674153
0.000117558102224775
-0.000114923011823357
0.000112126751013971
-0.000109180014056920
0.000106086301831239
-0.000102851706431404
9.94875578693739e-05
-9.59907047645491e-05
9.23772825444338e-05
-8.86536898405459e-05
8.48236216404866e-05
-8.08928412948141e-05
7.68747097120042e-05
-7.27686861255781e-05
6.85863914888100e-05
-6.43404596306629e-05
6.00298813325525e-05
-5.56656145656437e-05
5.12533507501363e-05
-4.68033329528158e-05
4.23227404289664e-05
-3.78115931974014e-05
3.32823165403976e-05
-2.87408784448222e-05
2.41976362518667e-05
-1.96502402857367e-05
1.51131864371357e-05
-1.05900734040583e-05
6.08898052763893e-06
-1.60640077624153e-06
-2.85376023474655e-06
7.28583570072437e-06
-1.16844071634102e-05
1.60395061927791e-05
-2.03519558743116e-05
2.46146683535866e-05
-2.88258129472165e-05
3.29739605255751e-05
-3.70641118607985e-05
4.10865295975512e-05
-4.50375895427150e-05
4.89180463152603e-05
-5.27182647686181e-05
5.64378207603155e-05
-6.00793466057970e-05
6.36295039205944e-05
-6.70955178657350e-05
7.04725008045073e-05
-7.37539070309019e-05
7.69392663281375e-05
-8.00357231122511e-05
8.30233699230445e-05
-8.59178189662805e-05
8.87125244538948e-05
-9.14024213846089e-05
9.39914163881463e-05
-9.64720472341860e-05
9.88366553100248e-05
-0.000101077407574135
0.000103189805140686
-0.000105181655659420
0.000107044276216954
-0.000108783717200416
0.000110392012009552
-0.000111880469581713
0.000113243646916101
-0.000114477871024002
0.000115591913242639
-0.000116574962447791
0.000117440663964187
-0.000118183328587809
0.000118802506177872
-0.000119283772754243
0.000119601997741180
-0.000119761823842607
0.000119750891278385
-0.000119593468890608
0.000119269069869150
-0.000118792569221506
0.000118158376046319
-0.000117378291921134
0.000116446004561752
-0.000115366452844201
0.000114152361214467
-0.000112795922746925
0.000111298799873483
-0.000109678280108286
0.000107922030821545
-0.000106048261544405
0.000104048191891593
-0.000101937140762881
9.97133073547559e-05
-9.73836374188143e-05
9.49496983587447e-05
-9.24186289962003e-05
8.97939361050215e-05
-8.70860451666257e-05
8.42849727430193e-05
-8.14087649097747e-05
7.84550705675594e-05
-7.54318206657771e-05
7.23408049201293e-05
-6.91828317317078e-05
6.59732589777356e-05
-6.27051706683857e-05
5.93856983196909e-05
-5.60198643993895e-05
5.26059764117949e-05
-4.91565873896469e-05
4.56674042256952e-05
-4.21487123410577e-05
3.85932920996958e-05
-3.50115258304567e-05
3.14066447502883e-05
-2.77748161309954e-05
2.41195647531962e-05
-2.04491809501854e-05
1.67573862849903e-05
-1.30548966051687e-05
9.33476833906005e-06
-5.59934088713266e-06
1.85394862790780e-06
1.90768517468933e-06
-5.68444042356347e-06
9.47618401530781e-06
-1.32864414871562e-05
1.71031206108227e-05
-2.09337932907205e-05
2.47750744326143e-05
-2.86215396331018e-05
3.24857411980785e-05
-3.63544882164166e-05
4.02332412230580e-05
-4.41148523147804e-05
4.80101242840477e-05
-5.19121872488331e-05
5.58149843625771e-05
-5.97201712545036e-05
6.36304512584614e-05
-6.75357536551281e-05
7.14163737198216e-05
-7.52636601742809e-05
7.90847014650803e-05
-8.28749923422917e-05
8.66274520514126e-05
-9.03496081540069e-05
9.40336646543518e-05
-9.76715407740756e-05
0.000101272590999954
-0.000104825919188462
0.000108330776428875
-0.000111771322639247
0.000115096745723678
-0.000118306077095068
0.000121393122762677
-0.000124355470549632
0.000127187277259393
-0.000129890428831148
0.000132461046690809
-0.000134897561658065
0.000137192055722393
-0.000139346795228460
0.000141364004712354
-0.000143228927023908
0.000144956708173200
-0.000146536158490653
0.000147972397007113
-0.000149250873701194
0.000150385844843874
-0.000151364310041380
0.000152193804814913
-0.000152873172389602
0.000153400127525683
-0.000153770786053136
0.000153988996521981
-0.000154049267057724
0.000153955423936589
-0.000153711044562094
0.000153299992422082
-0.000152740012188242
0.000152015817024119
-0.000151139588513996
0.000150099495703257
-0.000148899353040742
0.000147535757567791
-0.000146009903980432
0.000144323561954560
-0.000142469620544293
0.000140448300934902
-0.000138261207921175
0.000135896977492515
-0.000133363361366940
0.000130657956588645
-0.000127775879648677
0.000124715701089346
-0.000121475112196077
0.000118047900973322
-0.000114438213456281
0.000110638608336308
-0.000106652134858512
0.000102468726310446
-9.80895493714019e-05
9.35118504948577e-05
-8.87395197534006e-05
8.37542919908224e-05
-7.85698084800701e-05
7.31730473114929e-05
-6.75678441565052e-05
6.17463541777515e-05
-5.57154863142547e-05
4.94637956646687e-05
-4.29988791489859e-05
3.63098985867570e-05
-2.94030819285344e-05
2.22792277290756e-05
-1.49318325041451e-05
7.36823175219576e-06
4.19293597864352e-07
-8.44611286618464e-06
1.67257426539720e-05
-2.52446425685121e-05
3.40047002149335e-05
-4.29461342839877e-05
5.20629838579788e-05
-6.13535516183786e-05
7.08074937187213e-05
-8.04175014846882e-05
9.01820413805148e-05
-0.000100098236582078
0.000110149871583357
-0.000120256423963928
0.000130365959873142
-0.000140463341484609
0.000150546758297141
-0.000160604137833747
0.000170611796364853
-0.000180569878619587
0.000190461992977111
-0.000200271638519493
0.000209985311464575
-0.000219600078028032
0.000229096190388355
-0.000238458948423323
0.000247681155626106
-0.000256746133072798
0.000265643988829419
-0.000274358520546349
0.000282878279867542
-0.000291193099350004
0.000299282386739684
-0.000307136227465633
0.000314746149987831
-0.000322092078059634
0.000329159841107360
-0.000335942023738888
0.000342418954110618
-0.000348569689154369
0.000354390196946232
-0.000359859320008102
0.000364963463499424
-0.000369687323351121
0.000374014497855052
-0.000377926567014138
0.000381402315079561
-0.000384436962572973
0.000386997363863506
-0.000389073284257021
0.000390646690258612
-0.000391695208141828
0.000392202752721671
-0.000392145557247950
0.000391500458250168
-0.000390253553752069
0.000388381410360851
-0.000385858530836887
0.000382667046033536
-0.000378779843246741
0.000374174708350811
-0.000368831010971034
0.000362717389927651
-0.000355822425215640
0.000348106908819370
-0.000339557649156974
0.000330138939238564
-0.000319834355522911
0.000308613369890347
-0.000296455704667827
0.000283325453973532
-0.000269201548502388
0.000254068329431378
-0.000237881493331385
0.000220633120492365
-0.000202283182790321
0.000182814140695583
-0.000162199705340203
0.000140415901784435
-0.000117435382037092
9.32403949148732e-05
-6.78068111162436e-05
4.11073436298818e-05
-1.31222191496282e-05
-1.61670190660637e-05
4.71303311669333e-05
-7.94519396270599e-05
0.000113211780493483
-0.000148445112204500
0.000184922680066859
-0.000222403415477342
0.000260948134469733
-0.000300562603049531
0.000341235245402337
-0.000382953817486489
0.000425724597226513
-0.000469528456991239
0.000514364704217729
-0.000560228222820068
0.000607108640225469
-0.000654997123592483
0.000703890041046704
-0.000753783362402366
0.000804655678626470
-0.000856518355172648
0.000909355373261933
-0.000963158928211752
0.00101792299768183
-0.00107364105575277
0.00113030602073958
-0.00118790429624810
0.00124644323494320
-0.00130589797249319
0.00136626957581273
-0.00142754169177949
0.00148972130008697
-0.00155279129692366
0.00161673960080446
-0.00168155600193904
0.00174724023863972
-0.00181377236643193
0.00188114361058507
-0.00194934948857489
0.00201836878665149
-0.00208819383424428
0.00215880819164873
-0.00223019896949967
0.00230235593370177
-0.00237524287361330
0.00244887406413903
-0.00252320174749343
0.00259822285709756
-0.00267391071969875
0.00275024599967813
-0.00282720210700678
0.00290475803870276
-0.00298288563125735
-0.00360792342403081
0.00352819896782685
-0.00344766069545001
0.00336638486485455
-0.00328444286516600
0.00320191178811504
-0.00311886167864996
0.00303535685705398
-0.00295148787579827
0.00286730948966297
-0.00278290463019890
0.00269834731708545
-0.00261369525788062
0.00252903802981664
-0.00244443316641816
0.00235996210456368
-0.00227568505400961
0.00219167958357846
-0.00210800375212438
0.00202473237528495
-0.00194191835883741
0.00185963703071945
-0.00177795658964850
0.00169691677657901
-0.00161659035574073
0.00153703610157514
-0.00145830970032824
0.00138045721938392
-0.00130353783479748
0.00122760575501699
-0.00115269705767059
0.00107886905819505
-0.00100616136732308
0.000934613549648697
-0.000864271584615582
0.000795169435718892
-0.000727344302707592
0.000660833172223169
-0.000595666167526057
0.000531871543024448
-0.000469478900929014
0.000408509728130362
-0.000348993573324509
0.000290944929914191
-0.000234388824124186
0.000179340473425330
-0.000125816685738624
7.38285663326794e-05
-2.35375957545906e-05
-2.55158387904293e-05
7.37813760783392e-05
-0.000121179868381494
0.000167769795259646
-0.000213285726175023
0.000257343800262592
-0.000299921870295773
0.000340991111085280
-0.000380525019223603
0.000418502184853131
-0.000454910064990224
0.000489719755302992
-0.000522918956981531
0.000554495080751770
-0.000584439589642731
0.000612733736222517
-0.000639375905113192
0.000664357035994451
-0.000687670286550054
0.000709324495072501
-0.000729310208841562
0.000747634644302847
-0.000764298667928772
0.000779313772178044
-0.000792687010478674
0.000804432345702671
-0.000814557604786140
0.000823083201052859
-0.000830021619454976
0.000835397877386035
-0.000839230542484961
0.000841543482429789
-0.000842363344764063
0.000841714188369747
-0.000839623819989878
0.000836128499756785
-0.000831256193875131
0.000825041037071377
-0.000817516503200694
0.000808720059076450
-0.000798690782480881
0.000787470792035555
-0.000775096250691830
0.000761606925741178
-0.000747046869725073
0.000731464631827495
-0.000714891965480065
0.000697384541836197
-0.000678979271735963
0.000659727643909965
-0.000639685523467633
0.000618883450878185
-0.000597370321266067
0.000575204915566772
-0.000552424247925323
0.000529075787305362
-0.000505213355058041
0.000480879722159645
-0.000456124008404489
0.000430994290524832
-0.000405530465364493
0.000379779128675775
-0.000353798498884252
0.000327617546740730
-0.000301285356771186
0.000274852782472640
-0.000248349814153190
0.000221829685441223
-0.000195328067142679
0.000168888908645550
-0.000142544980915458
0.000116341945903023
-9.03108839244491e-05
6.44922683763935e-05
-3.89215840456997e-05
1.36520671053316e-05
1.13835209196578e-05
-3.62837704072205e-05
6.10130307086748e-05
-8.55297533546897e-05
0.000109800969342225
-0.000133777878797851
0.000157433253394287
-0.000180740482360166
0.000203632622557509
-0.000226042387221881
0.000247931095908800
-0.000269273582993856
0.000290032166423183
-0.000310166193732478
0.000329644003430695
-0.000348440220963446
0.000366530391713392
-0.000383885380878542
0.000400483262026106
-0.000416302262975711
0.000431321156416257
-0.000445521728556569
0.000458884226068647
-0.000471397199273182
0.000483043858637854
-0.000493806363652268
0.000503679501355358
-0.000512653979722811
0.000520716053341715
-0.000527860330769841
0.000534088006405057
-0.000539389075164630
0.000543765759881697
-0.000547218297929511
0.000549748052820683
-0.000551356811280412
0.000552057113915701
-0.000551843051009937
0.000550730237696629
-0.000548726729248877
0.000545844494421226
-0.000542098032744833
0.000537500672144602
-0.000532064134819892
0.000525804540255891
-0.000518746242742291
0.000510901641040068
-0.000502295880590104
0.000492955350048203
-0.000482891936950905
0.000472134117426492
-0.000460698881342082
0.000448627832780118
-0.000435931453012655
0.000422644214875457
-0.000408796400841378
0.000394406157192162
-0.000379512213188220
0.000364142780985677
-0.000348321840748107
0.000332078457066004
-0.000315452757600532
0.000298466506413116
-0.000281155799011060
0.000263548985803661
-0.000245681056552307
0.000227571736205321
-0.000209265617453028
0.000190784433794892
-0.000172164606107212
0.000153434185453255
-0.000134622407756350
0.000115763326030443
-9.68770036838594e-05
7.80030749281747e-05
-5.91679406018299e-05
4.03951862916864e-05
-2.17137486835504e-05
3.15875319481702e-06
1.53424164160846e-05
-3.37884634138357e-05
5.21472367444569e-05
-7.03980747972829e-05
8.85018312756445e-05
-0.000106435264299278
0.000124175415766210
-0.000141685832816302
0.000158942420185814
-0.000175918900192669
0.000192579526228665
-0.000208913262640172
0.000224867172223178
-0.000240406634047299
0.000255504870985014
-0.000270144393001179
0.000284298852919570
-0.000297947619150523
0.000311068068606133
-0.000323644988430127
0.000335648582708499
-0.000347071488200229
0.000357891939231327
-0.000368090059821220
0.000377656970950442
-0.000386576794579726
0.000394839765025866
-0.000402433866063974
0.000409344031271092
-0.000415565131567811
0.000421085724195217
-0.000425907887421449
0.000430017540731373
-0.000433407181638353
0.000436083660675582
-0.000438045114160548
0.000439285991253027
-0.000439815365843575
0.000439632605875307
-0.000438735250894146
0.000437139385245762
-0.000434841696012182
0.000431860499693526
-0.000428195361789569
0.000423863032476921
-0.000418873628851695
0.000413240203825951
-0.000406970533644857
0.000400078229811395
-0.000392590688936461
0.000384515708987410
-0.000375868561628843
0.000366675199268059
-0.000356940607332696
0.000346701091634817
-0.000335965496743823
0.000324762240634816
-0.000313105497638878
0.000301025657382331
-0.000288537985413054
0.000275669250368342
-0.000262444578551928
0.000248882404191023
-0.000235011287959698
0.000220857822636496
-0.000206442046898868
0.000191793526307496
-0.000176935327740098
0.000161885800116665
-0.000146677711385672
0.000131338222216899
-0.000115882498776896
0.000100345536170599
-8.47459702583314e-05
6.91144152674441e-05
-5.34614580915790e-05
3.78305741747473e-05
-2.22323325577149e-05
6.69287291078191e-06
8.81476615054201e-06
-2.42980884189897e-05
3.97378850995497e-05
-5.51108161173530e-05
7.03869807966686e-05
-8.55461903521204e-05
0.000100565188584719
-0.000115417641732458
0.000130079433514838
-0.000144530048798501
0.000158748451522031
-0.000172701895631702
0.000186381021368534
-0.000199753956793818
0.000212805381947420
-0.000225506313202170
0.000237823752838928
-0.000249736993999963
0.000261225112984534
-0.000272273294895933
0.000282864282886813
-0.000292973062890961
0.000302594052479561
-0.000311710303887443
0.000320303597877492
-0.000328361318598773
0.000335874864997083
-0.000342829194380933
0.000349217564885517
-0.000355029968794202
0.000360255484066010
-0.000364892826116546
0.000368927563016925
-0.000372361674283868
0.000375191873620889
-0.000377411306224892
0.000379016708381360
-0.000380018146217232
0.000380405713040234
-0.000380185695558971
0.000379358332823311
-0.000377931647443799
0.000375909436305742
-0.000373292149644144
0.000370090958876103
-0.000366306447327629
0.000361953150635495
-0.000357035862344914
0.000351571047304784
-0.000345571689986387
0.000339041955359461
-0.000331998969848614
0.000324461901011689
-0.000316440690850595
0.000307951759325157
-0.000299009461009517
0.000289638390535257
-0.000279848156441770
0.000269660300361828
-0.000259096486173008
0.000248168242614651
-0.000236902935085778
0.000225320810604023
-0.000213433420544921
0.000201273938195840
-0.000188853839287678
0.000176200689893492
-0.000163331447002491
0.000150269884268840
-0.000137038196987465
0.000123660651409313
-0.000110148036791754
9.65352940113794e-05
-8.28403496000724e-05
6.90835302467654e-05
-5.52858504727722e-05
4.14718643094371e-05
-2.76606893977841e-05
1.38711319406918e-05
-1.14953007345124e-07
-1.36391017499539e-05
2.73768583035152e-05
-4.10708797810405e-05
5.46987342108475e-05
-6.82475286468213e-05
8.16858632718613e-05
-9.50080055947170e-05
0.000108175343393664
-0.000121178660340836
0.000133987536293069
-0.000146593738853654
0.000158967311257225
-0.000171092826257875
0.000182951152207596
-0.000194518361587336
0.000205781032834403
-0.000216718020012515
0.000227309414896302
-0.000237528273370779
0.000247357986151594
-0.000256776902335251
0.000265774030014678
-0.000274338970493827
0.000282449183570417
-0.000290097658444147
0.000297271860951380
-0.000303958509011590
0.000310149756857690
-0.000315834946382369
0.000321006868795328
-0.000325660893554140
0.000329784851917668
-0.000333375270881621
0.000336425839120481
-0.000338941681473111
0.000340909165812750
-0.000342331521890365
0.000343213449051278
-0.000343543182575334
0.000343332379315115
-0.000342574365679515
0.000341282372710581
-0.000339452212550416
0.000337100015823720
-0.000334216189432854
0.000330817856315031
-0.000326910963987747
0.000322499720525317
-0.000317594172143055
0.000312200464861570
-0.000306330129790478
0.000299997799850452
-0.000293208524259369
0.000285979704658465
-0.000278329873561013
0.000270265043142086
-0.000261810424109244
0.000252968335360173
-0.000243767049261471
0.000234215382563307
-0.000224336654363378
0.000214142585788681
-0.000203651318273313
0.000192887819227693
-0.000181867980944234
0.000170605703906901
-0.000159125543799518
0.000147446709665642
-0.000135582804160662
0.000123559970644713
-0.000111395698402271
9.91095034247976e-05
-8.67225998198861e-05
7.42524220972674e-05
-6.17188048937831e-05
4.91426526966591e-05
-3.65437800018694e-05
2.39434627714061e-05
-1.13546990935874e-05
-1.21880599287446e-06
1.37991644076957e-05
-2.63599360995928e-05
3.88853596233492e-05
-5.13553369102305e-05
6.37517453791621e-05
-7.60563999870267e-05
8.82452922768433e-05
-0.000100304865066189
0.000112209658901963
-0.000123949027479129
0.000135499253885773
-0.000146839718761716
0.000157962504598701
-0.000168837944800844
0.000179458458374644
-0.000189797617790078
0.000199845512248931
-0.000209589693273558
0.000219001965506164
-0.000228073414755737
0.000236774656704538
-0.000245097114489190
0.000253020541342399
-0.000260535769616365
0.000267635510276570
-0.000274299303793889
0.000280524916450164
-0.000286295535965378
0.000291610069440061
-0.000296460261654008
0.000300833289510147
-0.000304729970875452
0.000308137642102773
-0.000311054461277857
0.000313482349786654
-0.000315412703096328
0.000316850977801312
-0.000317783233366462
0.000318222881470333
-0.000318162339774255
0.000317607071189891
-0.000316564703888182
0.000315027003730746
-0.000313006754541593
0.000310508774387347
-0.000307538010453588
0.000304095600168287
-0.000300199215127432
0.000295845048073455
-0.000291043132118041
0.000285797807057864
-0.000280118968470201
0.000274022866554178
-0.000267520967869777
0.000237040813462785
-0.000232938027144473
0.000228468476617479
-0.000223645085516046
0.000218480277896774
-0.000239554433729529
0.000236805927530629
-0.000233700568324256
0.000230241658805943
-0.000226444083286210
0.000222308721564920
-0.000217843824913269
0.000213063019343350
-0.000207975715938815
0.000202592927701528
-0.000196917824333778
0.000190965899946893
-0.000184741510188280
0.000178266431839155
-0.000171535273762428
0.000164566659917177
-0.000157370876659452
0.000149954154031345
-0.000142335098147329
0.000134521141313020
-0.000126528682643258
0.000118359768176387
-0.000110034689873224
0.000101565188666594
-9.29585823398932e-05
8.42322804759639e-05
-7.54003615800515e-05
6.64664728693789e-05
-5.74504070950613e-05
4.83675807610767e-05
-3.92215221483505e-05
3.00356797489910e-05
-2.08114416287252e-05
1.15715391858361e-05
-2.32305056312404e-06
-6.92339266065050e-06
1.61718140660499e-05
-2.54106711260303e-05
3.46432662694829e-05
-4.38507496423821e-05
5.30121167412421e-05
-6.21257284809498e-05
7.11710225331723e-05
-8.01398177009289e-05
8.90182685974747e-05
-9.77901722137093e-05
0.000106450575757645
-0.000114981892772058
0.000123366622054834
-0.000131600380758329
0.000139668445544268
-0.000147559764090456
0.000155260215331423
-0.000162755452548850
0.000170036161496972
-0.000177092387130275
0.000183894352685916
-0.000190418989453530
0.000196656062132420
-0.000202602534424294
0.000208236556103079
-0.000213559557060111
0.000218554381141209
-0.000223221092925643
0.000227543948577277
-0.000231525238757658
0.000235147337582130
-0.000238417888329241
0.000241321020008030
-0.000243858662626009
0.000246023920472848
-0.000247812358755624
0.000249224420582804
-0.000250253695026531
0.000250908050609178
-0.000251177635716856
0.000251066970668785
-0.000250574180494257
0.000249705711467904
-0.000248450985683063
0.000246830214941469
-0.000244833459269771
0.000242463988339374
-0.000239736049140723
0.000236644515911598
-0.000233198001068954
0.000229407435038409
-0.000225268625307870
0.000220807178161268
-0.000216017527776113
0.000210913784292687
-0.000205508139994045
0.000199801361143708
-0.000193807042202173
0.000187534904232710
-0.000180993755253085
0.000174191108504688
-0.000167140440039918
0.000159852675567400
-0.000152335485863104
0.000144604173233859
-0.000136661234643330
0.000128533602722581
-0.000120218837591708
0.000111735272371173
-0.000103094761356230
9.43070401903632e-05
-8.53903461122353e-05
7.63522481249774e-05
-6.72035964608268e-05
5.79580530816384e-05
-4.86360138717585e-05
3.92417152936723e-05
-2.97918518465788e-05
2.02947875590001e-05
-1.07674075484427e-05
1.22663074007985e-06
8.32616044869705e-06
-1.78960549687454e-05
2.74800346577415e-05
-3.70591648901550e-05
4.66184146408492e-05
-5.61528352893990e-05
6.56450343668032e-05
-7.50779356178564e-05
8.44528096324338e-05
-9.37384899511791e-05
0.000102929652351145
-0.000112013060358619
0.000120975259925598
-0.000129804078876218
0.000138488128245806
-0.000147005895205233
0.000155352428124351
-0.000163508526434335
0.000171465803730205
-0.000179181879628605
0.000186645628098887
-0.000193836184229225
0.000200741946402845
-0.000207355466932017
0.000213665948097125
-0.000219665776584994
0.000225332489558638
-0.000230672727196584
0.000235671309029469
-0.000240317838438027
0.000244607910944417
-0.000248537011211452
0.000252089505505325
-0.000255275816814531
0.000258071987804817
-0.000260486528305329
0.000262510086251511
-0.000264141014731618
0.000265378301994055
-0.000266220133949532
0.000266663822562083
-0.000266706728487873
0.000266349116167512
-0.000265595482071507
0.000264446584121309
-0.000262901940750365
0.000260958915699398
-0.000258632526358815
0.000255924628414829
-0.000252831863185488
0.000249356596679166
-0.000245518684369166
0.000241310769077420
-0.000236747440889281
0.000231826161082663
-0.000226567863986357
0.000220976644010971
-0.000215059470736003
0.000208829074845068
-0.000202287132555964
0.000195453425079024
-0.000188324878018814
0.000180924884924692
-0.000173255138472992
0.000165331370842201
-0.000157159326106936
0.000148757295907283
-0.000140132677127220
0.000131296739714333
-0.000122261419642254
0.000113043680954615
-0.000103648819048586
9.40953946748948e-05
-8.43972648223474e-05
7.45635551332327e-05
-6.46047651008722e-05
5.45411395439850e-05
-4.43780725957355e-05
3.41378376631473e-05
-2.38290492453441e-05
1.34649588957181e-05
-3.06234821454602e-06
-7.37252995516246e-06
1.78453308527571e-05
-2.83573387279773e-05
3.88923477233919e-05
-4.94379588611702e-05
5.99753556927847e-05
-7.04940265246803e-05
8.09854722017482e-05
-9.14211485986141e-05
0.000101792668191081
-0.000112091941037839
0.000122295261385343
-0.000132395390160023
0.000142370351446441
-0.000152211005974848
0.000161898948395652
-0.000171403174089515
0.000180684089273336
-0.000189725663695644
0.000198513607651313
-0.000207030284868777
0.000215270350008307
-0.000223213589034063
0.000230848801499229
-0.000238164330826386
0.000245147430693233
-0.000251786766746203
0.000258069559009819
-0.000263989911764663
0.000269537988637331
-0.000274695699131217
0.000279465957098241
-0.000283828643402316
0.000287793600693226
-0.000291337488013899
0.000294461861395338
-0.000297162298542808
0.000299429414802925
-0.000301264580218733
0.000302657820601987
-0.000303607761523247
0.000304115165041537
-0.000304181564689900
0.000303798942823154
-0.000302971359447006
0.000301699761423169
-0.000299980044878957
0.000297814631543877
-0.000295215930104039
0.000292177973535660
-0.000288703710956304
0.000284801415318626
-0.000280473311387881
0.000275722857121521
-0.000270559265435785
0.000264989214082753
-0.000259022771394643
0.000252660216915716
-0.000245912317499750
0.000238793789337412
-0.000231301560889925
0.000223452407161205
-0.000215256414646265
0.000206728557666296
-0.000197869509065578
0.000188694662455249
-0.000179219042372709
0.000169458110443237
-0.000159419881329978
0.000149120557087821
-0.000138564436257551
0.000127770805503622
-0.000116756400659156
0.000105526303969017
-9.41030253285309e-05
8.24990511050401e-05
-7.07243692268092e-05
5.87921835016309e-05
-4.67274427876448e-05
3.45405775194455e-05
-2.22382423488506e-05
9.84474323497767e-06
2.62281979099930e-06
-1.51669799277173e-05
2.78172859416739e-05
-4.05494367705776e-05
5.33472620901492e-05
-6.61959363570491e-05
7.90802900189956e-05
-9.19822298985109e-05
0.000104884874199998
-0.000117771337670219
0.000130622704731683
-0.000143421383684585
0.000156150736565825
-0.000168778025115396
0.000181231230057245
-0.000193495974122893
0.000205556786331550
-0.000217388991540928
0.000228974153948987
-0.000240299409457748
0.000251338219506628
-0.000262075920373806
0.000272499643937466
-0.000282585482865036
0.000292318345930920
-0.000301685898466218
0.000310669300209216
-0.000319251785055479
0.000327416208143217
-0.000335159188663147
0.000342457089648392
-0.000349300068333845
0.000355677043254086
-0.000361575568772466
0.000366980303395997
-0.000371882858851707
0.000376278825241986
-0.000380153801102690
0.000383497511339110
-0.000386305499089632
0.000388570451016015
-0.000390283783000992
0.000391446875261525
-0.000392046719937039
0.000392079379928157
-0.000391541468354966
0.000390437326584791
-0.000388755747388689
0.000386498748636441
-0.000383670882064126
0.000380266895394143
-0.000376283727729031
0.000371734463859377
-0.000366612586773342
0.000360919901697752
-0.000354670364993926
0.000347855090317929
-0.000340486685704115
0.000332573101301461
-0.000324113720834481
0.000315120624738313
-0.000305599643265891
0.000295559761184676
-0.000285012209163467
0.000273967849162789
-0.000262424846667456
0.000250410275836934
-0.000237925695693921
0.000224989013452624
-0.000211604632486684
0.000197796280879582
-0.000183566927681533
0.000168941720725038
-0.000153926026374249
0.000138545359979036
-0.000122810257979805
0.000106731701874211
-9.03348514134280e-05
7.36322834661943e-05
-5.66474881245436e-05
3.94047150300242e-05
-2.19313948738540e-05
4.24246529198089e-06
1.36432080664008e-05
-3.17950587991881e-05
5.02264313913495e-05
-6.89041997073044e-05
8.78026545435000e-05
-0.000106912832219980
0.000126202429608289
-0.000145647385029550
0.000165229447253947
-0.000184858765411339
0.000204446586879382
-0.000223986327522480
0.000243438943640472
-0.000262779322812013
0.000281983308342072
-0.000301016311137844
0.000319846277001650
-0.000338451394515044
0.000356797608768664
-0.000374856975900617
0.000392594313767141
-0.000409989520130633
0.000427012578754839
-0.000443622272231111
0.000459799360093933
-0.000475518898065828
0.000490744174160633
-0.000505445150056281
0.000519603117498530
-0.000533182289766405
0.000546156531321676
-0.000558505090016705
0.000570191064549646
-0.000581192877053944
0.000591491725746864
-0.000601052203850453
0.000609847897094596
-0.000617865819499547
0.000625071602453464
-0.000631452199856730
0.000636972685648828
-0.000641617973729840
0.000645372396068905
-0.000648200773029786
0.000650093976685764
-0.000651027300126150
0.000650982264948302
-0.000649944671177021
0.000647891669427038
-0.000644810466183270
0.000640683286229370
-0.000635493262574928
0.000629226560969215
-0.000621869685194309
0.000613406199270371
-0.000603828303842046
0.000593120240642439
-0.000581273430494244
0.000568279867351555
-0.000554121974983540
0.000538799879900835
-0.000522296387269739
0.000504612527767797
-0.000485737161703116
0.000465665355947416
-0.000444391053370591
0.000421909975004398
-0.000398224162738473
0.000373317487766651
-0.000347203192233286
0.000319868568433507
-0.000291318907753391
0.000261550272651923
-0.000230566511187441
0.000198372560260484
-0.000164963254200137
0.000130343346973344
-9.45182834656223e-05
5.74947593144094e-05
-1.92728341881644e-05
-2.01388540659600e-05
6.07389579694776e-05
-0.000103090479069317
0.000147033514259761
-0.000192587248649656
0.000239503074485804
-0.000287530352148323
0.000336734180311871
-0.000387081184825397
0.000438557805023154
-0.000491146335257668
0.000544817161515145
-0.000599552362957524
0.000655327479584922
-0.000712111286229117
0.000769882824273115
-0.000828615171733839
0.000888275031927643
-0.000948833365537695
0.00101027575106052
-0.00107254882389637
0.00113563573228571
-0.00119950214339959
0.00126410918047625
-0.00132943342081953
0.00139542805053839
-0.00146206823696831
0.00152931056934404
-0.00159712819352053
0.00166547544248548
-0.00173432472373827
0.00180363673785005
-0.00187336093470785
0.00194346794242527
-0.00201393147424161
0.00208469076738474
-0.00215572461204644
0.00222698190346994
-0.00229842486926844
0.00237001329660179
-0.00244171292390013
0.00251347270550559
-0.00258526852493387
0.00265704026604595
-0.00272876869823450
0.00280039172788712
-0.00287187990784726
0.00294319377990234
-0.00301429025517125
0.00308512379523080
-0.00315566224441464
0.00322586145239529
-0.00329568870009780
-0.00329568870009780
0.00322586145239529
-0.00315566224441464
0.00308512379523080
-0.00301429025517125
0.00294319377990234
-0.00287187990784726
0.00280039172788712
-0.00272876869823450
0.00265704026604595
-0.00258526852493387
0.00251347270550559
-0.00244171292390013
0.00237001329660179
-0.00229842486926844
0.00222698190346994
-0.00215572461204644
0.00208469076738474
-0.00201393147424161
0.00194346794242527
-0.00187336093470785
0.00180363673785005
-0.00173432472373827
0.00166547544248548
-0.00159712819352053
0.00152931056934404
-0.00146206823696831
0.00139542805053839
-0.00132943342081953
0.00126410918047625
-0.00119950214339959
0.00113563573228571
-0.00107254882389637
0.00101027575106052
-0.000948833365537695
0.000888275031927643
-0.000828615171733839
0.000769882824273115
-0.000712111286229117
0.000655327479584922
-0.000599552362957524
0.000544817161515145
-0.000491146335257668
0.000438557805023154
-0.000387081184825397
0.000336734180311871
-0.000287530352148323
0.000239503074485804
-0.000192587248649656
0.000147033514259761
-0.000103090479069317
6.07389579694776e-05
-2.01388540659600e-05
-1.92728341881644e-05
5.74947593144094e-05
-9.45182834656223e-05
0.000130343346973344
-0.000164963254200137
0.000198372560260484
-0.000230566511187441
0.000261550272651923
-0.000291318907753391
0.000319868568433507
-0.000347203192233286
0.000373317487766651
-0.000398224162738473
0.000421909975004398
-0.000444391053370591
0.000465665355947416
-0.000485737161703116
0.000504612527767797
-0.000522296387269739
0.000538799879900835
-0.000554121974983540
0.000568279867351555
-0.000581273430494244
0.000593120240642439
-0.000603828303842046
0.000613406199270371
-0.000621869685194309
0.000629226560969215
-0.000635493262574928
0.000640683286229370
-0.000644810466183270
0.000647891669427038
-0.000649944671177021
0.000650982264948302
-0.000651027300126150
0.000650093976685764
-0.000648200773029786
0.000645372396068905
-0.000641617973729840
0.000636972685648828
-0.000631452199856730
0.000625071602453464
-0.000617865819499547
0.000609847897094596
-0.000601052203850453
0.000591491725746864
-0.000581192877053944
0.000570191064549646
-0.000558505090016705
0.000546156531321676
-0.000533182289766405
0.000519603117498530
-0.000505445150056281
0.000490744174160633
-0.000475518898065828
0.000459799360093933
-0.000443622272231111
0.000427012578754839
-0.000409989520130633
0.000392594313767141
-0.000374856975900617
0.000356797608768664
-0.000338451394515044
0.000319846277001650
-0.000301016311137844
0.000281983308342072
-0.000262779322812013
0.000243438943640472
-0.000223986327522480
0.000204446586879382
-0.000184858765411339
0.000165229447253947
-0.000145647385029550
0.000126202429608289
-0.000106912832219980
8.78026545435000e-05
-6.89041997073044e-05
5.02264313913495e-05
-3.17950587991881e-05
1.36432080664008e-05
4.24246529198089e-06
-2.19313948738540e-05
3.94047150300242e-05
-5.66474881245436e-05
7.36322834661943e-05
-9.03348514134280e-05
0.000106731701874211
-0.000122810257979805
0.000138545359979036
-0.000153926026374249
0.000168941720725038
-0.000183566927681533
0.000197796280879582
-0.000211604632486684
0.000224989013452624
-0.000237925695693921
0.000250410275836934
-0.000262424846667456
0.000273967849162789
-0.000285012209163467
0.000295559761184676
-0.000305599643265891
0.000315120624738313
-0.000324113720834481
0.000332573101301461
-0.000340486685704115
0.000347855090317929
-0.000354670364993926
0.000360919901697752
-0.000366612586773342
0.000371734463859377
-0.000376283727729031
0.000380266895394143
-0.000383670882064126
0.000386498748636441
-0.000388755747388689
0.000390437326584791
-0.000391541468354966
0.000392079379928157
-0.000392046719937039
0.000391446875261525
-0.000390283783000992
0.000388570451016015
-0.000386305499089632
0.000383497511339110
-0.000380153801102690
0.000376278825241986
-0.000371882858851707
0.000366980303395997
-0.000361575568772466
0.000355677043254086
-0.000349300068333845
0.000342457089648392
-0.000335159188663147
0.000327416208143217
-0.000319251785055479
0.000310669300209216
-0.000301685898466218
0.000292318345930920
-0.000282585482865036
0.000272499643937466
-0.000262075920373806
0.000251338219506628
-0.000240299409457748
0.000228974153948987
-0.000217388991540928
0.000205556786331550
-0.000193495974122893
0.000181231230057245
-0.000168778025115396
0.000156150736565825
-0.000143421383684585
0.000130622704731683
-0.000117771337670219
0.000104884874199998
-9.19822298985109e-05
7.90802900189956e-05
-6.61959363570491e-05
5.33472620901492e-05
-4.05494367705776e-05
2.78172859416739e-05
-1.51669799277173e-05
2.62281979099930e-06
9.84474323497767e-06
-2.22382423488506e-05
3.45405775194455e-05
-4.67274427876448e-05
5.87921835016309e-05
-7.07243692268092e-05
8.24990511050401e-05
-9.41030253285309e-05
0.000105526303969017
-0.000116756400659156
0.000127770805503622
-0.000138564436257551
0.000149120557087821
-0.000159419881329978
0.000169458110443237
-0.000179219042372709
0.000188694662455249
-0.000197869509065578
0.000206728557666296
-0.000215256414646265
0.000223452407161205
-0.000231301560889925
0.000238793789337412
-0.000245912317499750
0.000252660216915716
-0.000259022771394643
0.000264989214082753
-0.000270559265435785
0.000275722857121521
-0.000280473311387881
0.000284801415318626
-0.000288703710956304
0.000292177973535660
-0.000295215930104039
0.000297814631543877
-0.000299980044878957
0.000301699761423169
-0.000302971359447006
0.000303798942823154
-0.000304181564689900
0.000304115165041537
-0.000303607761523247
0.000302657820601987
-0.000301264580218733
0.000299429414802925
-0.000297162298542808
0.000294461861395338
-0.000291337488013899
0.000287793600693226
-0.000283828643402316
0.000279465957098241
-0.000274695699131217
0.000269537988637331
-0.000263989911764663
0.000258069559009819
-0.000251786766746203
0.000245147430693233
-0.000238164330826386
0.000230848801499229
-0.000223213589034063
0.000215270350008307
-0.000207030284868777
0.000198513607651313
-0.000189725663695644
0.000180684089273336
-0.000171403174089515
0.000161898948395652
-0.000152211005974848
0.000142370351446441
-0.000132395390160023
0.000122295261385343
-0.000112091941037839
0.000101792668191081
-9.14211485986141e-05
8.09854722017482e-05
-7.04940265246803e-05
5.99753556927847e-05
-4.94379588611702e-05
3.88923477233919e-05
-2.83573387279773e-05
1.78453308527571e-05
-7.37252995516246e-06
-3.06234821454602e-06
1.34649588957181e-05
-2.38290492453441e-05
3.41378376631473e-05
-4.43780725957355e-05
5.45411395439850e-05
-6.46047651008722e-05
7.45635551332327e-05
-8.43972648223474e-05
9.40953946748948e-05
-0.000103648819048586
0.000113043680954615
-0.000122261419642254
0.000131296739714333
-0.000140132677127220
0.000148757295907283
-0.000157159326106936
0.000165331370842201
-0.000173255138472992
0.000180924884924692
-0.000188324878018814
0.000195453425079024
-0.000202287132555964
0.000208829074845068
-0.000215059470736003
0.000220976644010971
-0.000226567863986357
0.000231826161082663
-0.000236747440889281
0.000241310769077420
-0.000245518684369166
0.000249356596679166
-0.000252831863185488
0.000255924628414829
-0.000258632526358815
0.000260958915699398
-0.000262901940750365
0.000264446584121309
-0.000265595482071507
0.000266349116167512
-0.000266706728487873
0.000266663822562083
-0.000266220133949532
0.000265378301994055
-0.000264141014731618
0.000262510086251511
-0.000260486528305329
0.000258071987804817
-0.000255275816814531
0.000252089505505325
-0.000248537011211452
0.000244607910944417
-0.000240317838438027
0.000235671309029469
-0.000230672727196584
0.000225332489558638
-0.000219665776584994
0.000213665948097125
-0.000207355466932017
0.000200741946402845
-0.000193836184229225
0.000186645628098887
-0.000179181879628605
0.000171465803730205
-0.000163508526434335
0.000155352428124351
-0.000147005895205233
0.000138488128245806
-0.000129804078876218
0.000120975259925598
-0.000112013060358619
0.000102929652351145
-9.37384899511791e-05
8.44528096324338e-05
-7.50779356178564e-05
6.56450343668032e-05
-5.61528352893990e-05
4.66184146408492e-05
-3.70591648901550e-05
2.74800346577415e-05
-1.78960549687454e-05
8.32616044869705e-06
1.22663074007985e-06
-1.07674075484427e-05
2.02947875590001e-05
-2.97918518465788e-05
3.92417152936723e-05
-4.86360138717585e-05
5.79580530816384e-05
-6.72035964608268e-05
7.63522481249774e-05
-8.53903461122353e-05
9.43070401903632e-05
-0.000103094761356230
0.000111735272371173
-0.000120218837591708
0.000128533602722581
-0.000136661234643330
0.000144604173233859
-0.000152335485863104
0.000159852675567400
-0.000167140440039918
0.000174191108504688
-0.000180993755253085
0.000187534904232710
-0.000193807042202173
0.000199801361143708
-0.000205508139994045
0.000210913784292687
-0.000216017527776113
0.000220807178161268
-0.000225268625307870
0.000229407435038409
-0.000233198001068954
0.000236644515911598
-0.000239736049140723
0.000242463988339374
-0.000244833459269771
0.000246830214941469
-0.000248450985683063
0.000249705711467904
-0.000250574180494257
0.000251066970668785
-0.000251177635716856
0.000250908050609178
-0.000250253695026531
0.000249224420582804
-0.000247812358755624
0.000246023920472848
-0.000243858662626009
0.000241321020008030
-0.000238417888329241
0.000235147337582130
-0.000231525238757658
0.000227543948577277
-0.000223221092925643
0.000218554381141209
-0.000213559557060111
0.000208236556103079
-0.000202602534424294
0.000196656062132420
-0.000190418989453530
0.000183894352685916
-0.000177092387130275
0.000170036161496972
-0.000162755452548850
0.000155260215331423
-0.000147559764090456
0.000139668445544268
-0.000131600380758329
0.000123366622054834
-0.000114981892772058
0.000106450575757645
-9.77901722137093e-05
8.90182685974747e-05
-8.01398177009289e-05
7.11710225331723e-05
-6.21257284809498e-05
5.30121167412421e-05
-4.38507496423821e-05
3.46432662694829e-05
-2.54106711260303e-05
1.61718140660499e-05
-6.92339266065050e-06
-2.32305056312404e-06
1.15715391858361e-05
-2.08114416287252e-05
3.00356797489910e-05
-3.92215221483505e-05
4.83675807610767e-05
-5.74504070950613e-05
6.64664728693789e-05
-7.54003615800515e-05
8.42322804759639e-05
-9.29585823398932e-05
0.000101565188666594
-0.000110034689873224
0.000118359768176387
-0.000126528682643258
0.000134521141313020
-0.000142335098147329
0.000149954154031345
-0.000157370876659452
0.000164566659917177
-0.000171535273762428
0.000178266431839155
-0.000184741510188280
0.000190965899946893
-0.000196917824333778
0.000202592927701528
-0.000207975715938815
0.000213063019343350
-0.000217843824913269
0.000222308721564920
-0.000226444083286210
0.000230241658805943
-0.000233700568324256
0.000236805927530629
-0.000239554433729529
0.000218480277896774
-0.000223645085516046
0.000228468476617479
-0.000232938027144473
0.000237040813462785
-0.000267520967869777
0.000274022866554178
-0.000280118968470201
0.000285797807057864
-0.000291043132118041
0.000295845048073455
-0.000300199215127432
0.000304095600168287
-0.000307538010453588
0.000310508774387347
-0.000313006754541593
0.000315027003730746
-0.000316564703888182
0.000317607071189891
-0.000318162339774255
0.000318222881470333
-0.000317783233366462
0.000316850977801312
-0.000315412703096328
0.000313482349786654
-0.000311054461277857
0.000308137642102773
-0.000304729970875452
0.000300833289510147
-0.000296460261654008
0.000291610069440061
-0.000286295535965378
0.000280524916450164
-0.000274299303793889
0.000267635510276570
-0.000260535769616365
0.000253020541342399
-0.000245097114489190
0.000236774656704538
-0.000228073414755737
0.000219001965506164
-0.000209589693273558
0.000199845512248931
-0.000189797617790078
0.000179458458374644
-0.000168837944800844
0.000157962504598701
-0.000146839718761716
0.000135499253885773
-0.000123949027479129
0.000112209658901963
-0.000100304865066189
8.82452922768433e-05
-7.60563999870267e-05
6.37517453791621e-05
-5.13553369102305e-05
3.88853596233492e-05
-2.63599360995928e-05
1.37991644076957e-05
-1.21880599287446e-06
-1.13546990935874e-05
2.39434627714061e-05
-3.65437800018694e-05
4.91426526966591e-05
-6.17188048937831e-05
7.42524220972674e-05
-8.67225998198861e-05
9.91095034247976e-05
-0.000111395698402271
0.000123559970644713
-0.000135582804160662
0.000147446709665642
-0.000159125543799518
0.000170605703906901
-0.000181867980944234
0.000192887819227693
-0.000203651318273313
0.000214142585788681
-0.000224336654363378
0.000234215382563307
-0.000243767049261471
0.000252968335360173
-0.000261810424109244
0.000270265043142086
-0.000278329873561013
0.000285979704658465
-0.000293208524259369
0.000299997799850452
-0.000306330129790478
0.000312200464861570
-0.000317594172143055
0.000322499720525317
-0.000326910963987747
0.000330817856315031
-0.000334216189432854
0.000337100015823720
-0.000339452212550416
0.000341282372710581
-0.000342574365679515
0.000343332379315115
-0.000343543182575334
0.000343213449051278
-0.000342331521890365
0.000340909165812750
-0.000338941681473111
0.000336425839120481
-0.000333375270881621
0.000329784851917668
-0.000325660893554140
0.000321006868795328
-0.000315834946382369
0.000310149756857690
-0.000303958509011590
0.000297271860951380
-0.000290097658444147
0.000282449183570417
-0.000274338970493827
0.000265774030014678
-0.000256776902335251
0.000247357986151594
-0.000237528273370779
0.000227309414896302
-0.000216718020012515
0.000205781032834403
-0.000194518361587336
0.000182951152207596
-0.000171092826257875
0.000158967311257225
-0.000146593738853654
0.000133987536293069
-0.000121178660340836
0.000108175343393664
-9.50080055947170e-05
8.16858632718613e-05
-6.82475286468213e-05
5.46987342108475e-05
-4.10708797810405e-05
2.73768583035152e-05
-1.36391017499539e-05
-1.14953007345124e-07
1.38711319406918e-05
-2.76606893977841e-05
4.14718643094371e-05
-5.52858504727722e-05
6.90835302467654e-05
-8.28403496000724e-05
9.65352940113794e-05
-0.000110148036791754
0.000123660651409313
-0.000137038196987465
0.000150269884268840
-0.000163331447002491
0.000176200689893492
-0.000188853839287678
0.000201273938195840
-0.000213433420544921
0.000225320810604023
-0.000236902935085778
0.000248168242614651
-0.000259096486173008
0.000269660300361828
-0.000279848156441770
0.000289638390535257
-0.000299009461009517
0.000307951759325157
-0.000316440690850595
0.000324461901011689
-0.000331998969848614
0.000339041955359461
-0.000345571689986387
0.000351571047304784
-0.000357035862344914
0.000361953150635495
-0.000366306447327629
0.000370090958876103
-0.000373292149644144
0.000375909436305742
-0.000377931647443799
0.000379358332823311
-0.000380185695558971
0.000380405713040234
-0.000380018146217232
0.000379016708381360
-0.000377411306224892
0.000375191873620889
-0.000372361674283868
0.000368927563016925
-0.000364892826116546
0.000360255484066010
-0.000355029968794202
0.000349217564885517
-0.000342829194380933
0.000335874864997083
-0.000328361318598773
0.000320303597877492
-0.000311710303887443
0.000302594052479561
-0.000292973062890961
0.000282864282886813
-0.000272273294895933
0.000261225112984534
-0.000249736993999963
0.000237823752838928
-0.000225506313202170
0.000212805381947420
-0.000199753956793818
0.000186381021368534
-0.000172701895631702
0.000158748451522031
-0.000144530048798501
0.000130079433514838
-0.000115417641732458
0.000100565188584719
-8.55461903521204e-05
7.03869807966686e-05
-5.51108161173530e-05
3.97378850995497e-05
-2.42980884189897e-05
8.81476615054201e-06
6.69287291078191e-06
-2.22323325577149e-05
3.78305741747473e-05
-5.34614580915790e-05
6.91144152674441e-05
-8.47459702583314e-05
0.000100345536170599
-0.000115882498776896
0.000131338222216899
-0.000146677711385672
0.000161885800116665
-0.000176935327740098
0.000191793526307496
-0.000206442046898868
0.000220857822636496
-0.000235011287959698
0.000248882404191023
-0.000262444578551928
0.000275669250368342
-0.000288537985413054
0.000301025657382331
-0.000313105497638878
0.000324762240634816
-0.000335965496743823
0.000346701091634817
-0.000356940607332696
0.000366675199268059
-0.000375868561628843
0.000384515708987410
-0.000392590688936461
0.000400078229811395
-0.000406970533644857
0.000413240203825951
-0.000418873628851695
0.000423863032476921
-0.000428195361789569
0.000431860499693526
-0.000434841696012182
0.000437139385245762
-0.000438735250894146
0.000439632605875307
-0.000439815365843575
0.000439285991253027
-0.000438045114160548
0.000436083660675582
-0.000433407181638353
0.000430017540731373
-0.000425907887421449
0.000421085724195217
-0.000415565131567811
0.000409344031271092
-0.000402433866063974
0.000394839765025866
-0.000386576794579726
0.000377656970950442
-0.000368090059821220
0.000357891939231327
-0.000347071488200229
0.000335648582708499
-0.000323644988430127
0.000311068068606133
-0.000297947619150523
0.000284298852919570
-0.000270144393001179
0.000255504870985014
-0.000240406634047299
0.000224867172223178
-0.000208913262640172
0.000192579526228665
-0.000175918900192669
0.000158942420185814
-0.000141685832816302
0.000124175415766210
-0.000106435264299278
8.85018312756445e-05
-7.03980747972829e-05
5.21472367444569e-05
-3.37884634138357e-05
1.53424164160846e-05
3.15875319481702e-06
-2.17137486835504e-05
4.03951862916864e-05
-5.91679406018299e-05
7.80030749281747e-05
-9.68770036838594e-05
0.000115763326030443
-0.000134622407756350
0.000153434185453255
-0.000172164606107212
0.000190784433794892
-0.000209265617453028
0.000227571736205321
-0.000245681056552307
0.000263548985803661
-0.000281155799011060
0.000298466506413116
-0.000315452757600532
0.000332078457066004
-0.000348321840748107
0.000364142780985677
-0.000379512213188220
0.000394406157192162
-0.000408796400841378
0.000422644214875457
-0.000435931453012655
0.000448627832780118
-0.000460698881342082
0.000472134117426492
-0.000482891936950905
0.000492955350048203
-0.000502295880590104
0.000510901641040068
-0.000518746242742291
0.000525804540255891
-0.000532064134819892
0.000537500672144602
-0.000542098032744833
0.000545844494421226
-0.000548726729248877
0.000550730237696629
-0.000551843051009937
0.000552057113915701
-0.000551356811280412
0.000549748052820683
-0.000547218297929511
0.000543765759881697
-0.000539389075164630
0.000534088006405057
-0.000527860330769841
0.000520716053341715
-0.000512653979722811
0.000503679501355358
-0.000493806363652268
0.000483043858637854
-0.000471397199273182
0.000458884226068647
-0.000445521728556569
0.000431321156416257
-0.000416302262975711
0.000400483262026106
-0.000383885380878542
0.000366530391713392
-0.000348440220963446
0.000329644003430695
-0.000310166193732478
0.000290032166423183
-0.000269273582993856
0.000247931095908800
-0.000226042387221881
0.000203632622557509
-0.000180740482360166
0.000157433253394287
-0.000133777878797851
0.000109800969342225
-8.55297533546897e-05
6.10130307086748e-05
-3.62837704072205e-05
1.13835209196578e-05
1.36520671053316e-05
-3.89215840456997e-05
6.44922683763935e-05
-9.03108839244491e-05
0.000116341945903023
-0.000142544980915458
0.000168888908645550
-0.000195328067142679
0.000221829685441223
-0.000248349814153190
0.000274852782472640
-0.000301285356771186
0.000327617546740730
-0.000353798498884252
0.000379779128675775
-0.000405530465364493
0.000430994290524832
-0.000456124008404489
0.000480879722159645
-0.000505213355058041
0.000529075787305362
-0.000552424247925323
0.000575204915566772
-0.000597370321266067
0.000618883450878185
-0.000639685523467633
0.000659727643909965
-0.000678979271735963
0.000697384541836197
-0.000714891965480065
0.000731464631827495
-0.000747046869725073
0.000761606925741178
-0.000775096250691830
0.000787470792035555
-0.000798690782480881
0.000808720059076450
-0.000817516503200694
0.000825041037071377
-0.000831256193875131
0.000836128499756785
-0.000839623819989878
0.000841714188369747
-0.000842363344764063
0.000841543482429789
-0.000839230542484961
0.000835397877386035
-0.000830021619454976
0.000823083201052859
-0.000814557604786140
0.000804432345702671
-0.000792687010478674
0.000779313772178044
-0.000764298667928772
0.000747634644302847
-0.000729310208841562
0.000709324495072501
-0.000687670286550054
0.000664357035994451
-0.000639375905113192
0.000612733736222517
-0.000584439589642731
0.000554495080751770
-0.000522918956981531
0.000489719755302992
-0.000454910064990224
0.000418502184853131
-0.000380525019223603
0.000340991111085280
-0.000299921870295773
0.000257343800262592
-0.000213285726175023
0.000167769795259646
-0.000121179868381494
7.37813760783392e-05
-2.55158387904293e-05
-2.35375957545906e-05
7.38285663326794e-05
-0.000125816685738624
0.000179340473425330
-0.000234388824124186
0.000290944929914191
-0.000348993573324509
0.000408509728130362
-0.000469478900929014
0.000531871543024448
-0.000595666167526057
0.000660833172223169
-0.000727344302707592
0.000795169435718892
-0.000864271584615582
0.000934613549648697
-0.00100616136732308
0.00107886905819505
-0.00115269705767059
0.00122760575501699
-0.00130353783479748
0.00138045721938392
-0.00145830970032824
0.00153703610157514
-0.00161659035574073
0.00169691677657901
-0.00177795658964850
0.00185963703071945
-0.00194191835883741
0.00202473237528495
-0.00210800375212438
0.00219167958357846
-0.00227568505400961
0.00235996210456368
-0.00244443316641816
0.00252903802981664
-0.00261369525788062
0.00269834731708545
-0.00278290463019890
0.00286730948966297
-0.00295148787579827
0.00303535685705398
-0.00311886167864996
0.00320191178811504
-0.00328444286516600
0.00336638486485455
-0.00344766069545001
0.00352819896782685
-0.00360792342403081
-0.00298288563125735
0.00290475803870276
-0.00282720210700678
0.00275024599967813
-0.00267391071969875
0.00259822285709756
-0.00252320174749343
0.00244887406413903
-0.00237524287361330
0.00230235593370177
-0.00223019896949967
0.00215880819164873
-0.00208819383424428
0.00201836878665149
-0.00194934948857489
0.00188114361058507
-0.00181377236643193
0.00174724023863972
-0.00168155600193904
0.00161673960080446
-0.00155279129692366
0.00148972130008697
-0.00142754169177949
0.00136626957581273
-0.00130589797249319
0.00124644323494320
-0.00118790429624810
0.00113030602073958
-0.00107364105575277
0.00101792299768183
-0.000963158928211752
0.000909355373261933
-0.000856518355172648
0.000804655678626470
-0.000753783362402366
0.000703890041046704
-0.000654997123592483
0.000607108640225469
-0.000560228222820068
0.000514364704217729
-0.000469528456991239
0.000425724597226513
-0.000382953817486489
0.000341235245402337
-0.000300562603049531
0.000260948134469733
-0.000222403415477342
0.000184922680066859
-0.000148445112204500
0.000113211780493483
-7.94519396270599e-05
4.71303311669333e-05
-1.61670190660637e-05
-1.31222191496282e-05
4.11073436298818e-05
-6.78068111162436e-05
9.32403949148732e-05
-0.000117435382037092
0.000140415901784435
-0.000162199705340203
0.000182814140695583
-0.000202283182790321
0.000220633120492365
-0.000237881493331385
0.000254068329431378
-0.000269201548502388
0.000283325453973532
-0.000296455704667827
0.000308613369890347
-0.000319834355522911
0.000330138939238564
-0.000339557649156974
0.000348106908819370
-0.000355822425215640
0.000362717389927651
-0.000368831010971034
0.000374174708350811
-0.000378779843246741
0.000382667046033536
-0.000385858530836887
0.000388381410360851
-0.000390253553752069
0.000391500458250168
-0.000392145557247950
0.000392202752721671
-0.000391695208141828
0.000390646690258612
-0.000389073284257021
0.000386997363863506
-0.000384436962572973
0.000381402315079561
-0.000377926567014138
0.000374014497855052
-0.000369687323351121
0.000364963463499424
-0.000359859320008102
0.000354390196946232
-0.000348569689154369
0.000342418954110618
-0.000335942023738888
0.000329159841107360
-0.000322092078059634
0.000314746149987831
-0.000307136227465633
0.000299282386739684
-0.000291193099350004
0.000282878279867542
-0.000274358520546349
0.000265643988829419
-0.000256746133072798
0.000247681155626106
-0.000238458948423323
0.000229096190388355
-0.000219600078028032
0.000209985311464575
-0.000200271638519493
0.000190461992977111
-0.000180569878619587
0.000170611796364853
-0.000160604137833747
0.000150546758297141
-0.000140463341484609
0.000130365959873142
-0.000120256423963928
0.000110149871583357
-0.000100098236582078
9.01820413805148e-05
-8.04175014846882e-05
7.08074937187213e-05
-6.13535516183786e-05
5.20629838579788e-05
-4.29461342839877e-05
3.40047002149335e-05
-2.52446425685121e-05
1.67257426539720e-05
-8.44611286618464e-06
4.19293597864352e-07
7.36823175219576e-06
-1.49318325041451e-05
2.22792277290756e-05
-2.94030819285344e-05
3.63098985867570e-05
-4.29988791489859e-05
4.94637956646687e-05
-5.57154863142547e-05
6.17463541777515e-05
-6.75678441565052e-05
7.31730473114929e-05
-7.85698084800701e-05
8.37542919908224e-05
-8.87395197534006e-05
9.35118504948577e-05
-9.80895493714019e-05
0.000102468726310446
-0.000106652134858512
0.000110638608336308
-0.000114438213456281
0.000118047900973322
-0.000121475112196077
0.000124715701089346
-0.000127775879648677
0.000130657956588645
-0.000133363361366940
0.000135896977492515
-0.000138261207921175
0.000140448300934902
-0.000142469620544293
0.000144323561954560
-0.000146009903980432
0.000147535757567791
-0.000148899353040742
0.000150099495703257
-0.000151139588513996
0.000152015817024119
-0.000152740012188242
0.000153299992422082
-0.000153711044562094
0.000153955423936589
-0.000154049267057724
0.000153988996521981
-0.000153770786053136
0.000153400127525683
-0.000152873172389602
0.000152193804814913
-0.000151364310041380
0.000150385844843874
-0.000149250873701194
0.000147972397007113
-0.000146536158490653
0.000144956708173200
-0.000143228927023908
0.000141364004712354
-0.000139346795228460
0.000137192055722393
-0.000134897561658065
0.000132461046690809
-0.000129890428831148
0.000127187277259393
-0.000124355470549632
0.000121393122762677
-0.000118306077095068
0.000115096745723678
-0.000111771322639247
0.000108330776428875
-0.000104825919188462
0.000101272590999954
-9.76715407740756e-05
9.40336646543518e-05
-9.03496081540069e-05
8.66274520514126e-05
-8.28749923422917e-05
7.90847014650803e-05
-7.52636601742809e-05
7.14163737198216e-05
-6.75357536551281e-05
6.36304512584614e-05
-5.97201712545036e-05
5.58149843625771e-05
-5.19121872488331e-05
4.80101242840477e-05
-4.41148523147804e-05
4.02332412230580e-05
-3.63544882164166e-05
3.24857411980785e-05
-2.86215396331018e-05
2.47750744326143e-05
-2.09337932907205e-05
1.71031206108227e-05
-1.32864414871562e-05
9.47618401530781e-06
-5.68444042356347e-06
1.90768517468933e-06
1.85394862790780e-06
-5.59934088713266e-06
9.33476833906005e-06
-1.30548966051687e-05
1.67573862849903e-05
-2.04491809501854e-05
2.41195647531962e-05
-2.77748161309954e-05
3.14066447502883e-05
-3.50115258304567e-05
3.85932920996958e-05
-4.21487123410577e-05
4.56674042256952e-05
-4.91565873896469e-05
5.26059764117949e-05
-5.60198643993895e-05
5.93856983196909e-05
-6.27051706683857e-05
6.59732589777356e-05
-6.91828317317078e-05
7.23408049201293e-05
-7.54318206657771e-05
7.84550705675594e-05
-8.14087649097747e-05
8.42849727430193e-05
-8.70860451666257e-05
8.97939361050215e-05
-9.24186289962003e-05
9.49496983587447e-05
-9.73836374188143e-05
9.97133073547559e-05
-0.000101937140762881
0.000104048191891593
-0.000106048261544405
0.000107922030821545
-0.000109678280108286
0.000111298799873483
-0.000112795922746925
0.000114152361214467
-0.000115366452844201
0.000116446004561752
-0.000117378291921134
0.000118158376046319
-0.000118792569221506
0.000119269069869150
-0.000119593468890608
0.000119750891278385
-0.000119761823842607
0.000119601997741180
-0.000119283772754243
0.000118802506177872
-0.000118183328587809
0.000117440663964187
-0.000116574962447791
0.000115591913242639
-0.000114477871024002
0.000113243646916101
-0.000111880469581713
0.000110392012009552
-0.000108783717200416
0.000107044276216954
-0.000105181655659420
0.000103189805140686
-0.000101077407574135
9.88366553100248e-05
-9.64720472341860e-05
9.39914163881463e-05
-9.14024213846089e-05
8.87125244538948e-05
-8.59178189662805e-05
8.30233699230445e-05
-8.00357231122511e-05
7.69392663281375e-05
-7.37539070309019e-05
7.04725008045073e-05
-6.70955178657350e-05
6.36295039205944e-05
-6.00793466057970e-05
5.64378207603155e-05
-5.27182647686181e-05
4.89180463152603e-05
-4.50375895427150e-05
4.10865295975512e-05
-3.70641118607985e-05
3.29739605255751e-05
-2.88258129472165e-05
2.46146683535866e-05
-2.03519558743116e-05
1.60395061927791e-05
-1.16844071634102e-05
7.28583570072437e-06
-2.85376023474655e-06
-1.60640077624153e-06
6.08898052763893e-06
-1.05900734040583e-05
1.51131864371357e-05
-1.96502402857367e-05
2.41976362518667e-05
-2.87408784448222e-05
3.32823165403976e-05
-3.78115931974014e-05
4.23227404289664e-05
-4.68033329528158e-05
5.12533507501363e-05
-5.56656145656437e-05
6.00298813325525e-05
-6.43404596306629e-05
6.85863914888100e-05
-7.27686861255781e-05
7.68747097120042e-05
-8.08928412948141e-05
8.48236216404866e-05
-8.86536898405459e-05
9.23772825444338e-05
-9.59907047645491e-05
9.94875578693739e-05
-0.000102851706431404
0.000106086301831239
-0.000109180014056920
0.000112126751013971
-0.000114923011823357
0.000117558102224775
-0.000120030849674153
0.000122338544214640
-0.000124467151684471
0.000126415806679265
-0.000128180449295042
0.000129757471065000
-0.000131145144693710
0.000132333348835721
-0.000133329255604390
0.000134152232377164
-0.000134810604089794
0.000135289006140436
-0.000135591676732763
0.000135716125691513
-0.000135651739201511
0.000135412992678657
-0.000134980367169757
0.000134364082960950
-0.000133561139881085
0.000132564916081411
-0.000131379487404054
0.000130005053211678
-0.000128437687645425
0.000126680966675493
-0.000124738694662828
0.000122602812894702
-0.000120282139597861
0.000117786240160039
-0.000115128174601421
0.000112300019662319
-0.000109304101242631
0.000106151363883296
-0.000102831755390029
9.93626441337500e-05
-9.57391052473071e-05
9.19615625558800e-05
-8.80380080444126e-05
8.39761842803876e-05
-7.97758663083079e-05
7.54471246495909e-05
-7.09895596744442e-05
6.64041485764559e-05
-6.17089245315602e-05
5.69030752559776e-05
-5.19905405847600e-05
4.69783630460992e-05
-4.18816966513311e-05
3.66949759696841e-05
-3.14324829593902e-05
2.60950840267632e-05
-2.07011872917847e-05
1.52497839809667e-05
-9.75521092647492e-06
4.21779822099319e-06
1.34795766611286e-06
-6.94179413030454e-06
1.25466570891591e-05
-1.81719766353216e-05
2.38024403539564e-05
-2.94336401024849e-05
3.50569179032733e-05
-4.06606324928554e-05
4.62413326760608e-05
-5.17846335025556e-05
5.72766309028967e-05
-6.27155368333219e-05
6.80928177304493e-05
-7.33921619499318e-05
7.86095345962537e-05
-8.37339206670026e-05
8.87526500531997e-05
-9.36654507066636e-05
9.84520363499489e-05
-0.000103109124275730
0.000107631590959219
-0.000112002231427684
0.000116219027614195
-0.000120268752767070
0.000124150118542607
-0.000127846164506118
0.000131358732910149
-0.000134670820464928
0.000137785869059963
-0.000140688526077832
0.000143381752500784
-0.000145847086244198
0.000148084153653297
-0.000150094351656079
0.000151876187195091
-0.000153447869798419
0.000154799449351168
-0.000155932851449595
0.000156841148417205
-0.000157520094675376
0.000157968889847195
-0.000158177643568118
0.000158157614243132
-0.000157895358652394
0.000157392442947625
-0.000156650230518351
0.000155662132904384
-0.000154436770276359
0.000152966788816862
-0.000151254611072430
0.000149302761294099
-0.000147110900516757
0.000144678246101546
-0.000142010324158837
0.000139116953400433
-0.000136002864769889
0.000132678716573368
-0.000129146782526711
0.000125404459682631
-0.000121472012409040
0.000117334090397829
-0.000113013064236948
0.000108504368979058
-0.000103814282869046
9.89575197475100e-05
-9.39332187639082e-05
8.87502171384133e-05
-8.34133142261362e-05
7.79330272095655e-05
-7.23143664221463e-05
6.65693141554929e-05
-6.07087787674953e-05
5.47324343817677e-05
-4.86552967202925e-05
4.24828948922789e-05
-3.62288565621998e-05
2.98997154538362e-05
-2.35092190268488e-05
1.70640016056779e-05
-1.05791631150663e-05
4.05778980277340e-06
2.48953637854931e-06
-9.04458937987448e-06
1.56100747051823e-05
-2.21801325446360e-05
2.87503005233418e-05
-3.53042823945907e-05
4.18345409128417e-05
-4.83278573069212e-05
3.23878289205922e-05
-4.17410729164446e-05
5.10522144892396e-05
-6.03055687316314e-05
0.785467649920861