0.785398163237731
-7.65520237278438e-11
4.47955995962149e-10
-1.01305776270299e-09
1.84833519996706e-09
-3.04328122268556e-09
4.70637929316898e-09
-6.96404256106879e-09
9.96781295153992e-09
-1.38937134320296e-08
1.89497050179923e-08
-2.53753413501221e-08
3.34495959960919e-08
-4.34909438976842e-08
5.58656453894884e-08
-7.09883036078990e-08
8.93306273302566e-08
-1.11422468007816e-07
1.37861052169206e-07
-1.69312478170735e-07
2.06521388732617e-07
-2.50312889155826e-07
3.01602613073447e-07
-3.61399006616171e-07
4.30813723367735e-07
-5.11064202053853e-07
6.03484309614277e-07
-7.09527122710517e-07
8.30775721032392e-07
-9.68946066384020e-07
1.12589783175598e-06
-1.30363725525240e-06
1.50432787310080e-06
-1.73029320794804e-06
1.98402725586521e-06
-2.26819685206390e-06
2.58565174623053e-06
-2.93942647111407e-06
3.33274982797847e-06
-3.76904607198614e-06
4.25194361528064e-06
-4.78527533214748e-06
5.37308627845991e-06
-6.01963291340675e-06
6.72938962828059e-06
-7.50704667528579e-06
8.35751529702839e-06
-9.28592415547043e-06
1.02976228561899e-05
-1.13981766729864e-05
1.25933682652780e-05
-1.38891905005929e-05
1.52918461716629e-05
-1.68077387283827e-05
1.84434698121182e-05
-2.02058277219476e-05
2.21017826001941e-05
-2.41384724786551e-05
2.63231959734978e-05
-2.86633957818274e-05
3.11666487708166e-05
-3.38406468263176e-05
3.66931842536770e-05
-3.97321359121939e-05
4.29654418789913e-05
-4.64010828393288e-05
5.00470620035728e-05
-5.39113777740902e-05
5.80020029665642e-05
-6.23268548132245e-05
6.68937715656429e-05
-7.17104799448618e-05
7.67845692631005e-05
-8.21234564810386e-05
8.77343580313841e-05
-9.36242526903053e-05
9.97998513339768e-05
-0.000106267557877596
0.000113033437239888
-0.000120103174647637
0.000127482042131353
-0.000135174856547503
0.000143185944992176
-0.000151519101967982
0.000160177554188532
-0.000169163917414854
0.000178480161232569
-0.000188127566199185
0.000198106689293006
-0.000208417322116011
0.000219058457769037
-0.000230028250785775
0.000241323985826652
-0.000252942039041987
0.000264877846898578
-0.000277125865154838
0.000289679532487863
-0.000302531227525771
0.000315672325054108
-0.000329093091692180
0.000342782680428943
-0.000356729109980427
0.000370919251393052
-0.000385338809638177
0.000399972314474673
-0.000414803107455704
0.000429813338859609
-0.000444983961175490
0.000460294732812493
-0.000475724218621287
0.000491249800875644
-0.000506847687291245
0.000522492929716874
-0.000538159440060634
0.000553820017068129
-0.000569446370497165
0.000585009156283474
-0.000600478009220757
0.000615821586723556
-0.000631007610172927
0.000646002917385684
-0.000660773512680416
0.000675284628051542
-0.000689500781896185
0.000703385848774043
-0.000716903126614042
0.000730015414815914
-0.000742685089629608
0.000754874190227065
-0.000766544501817450
0.000777657649187377
-0.000788175186983335
0.000798058700088449
-0.000807269900374232
0.000815770733147416
-0.000823523479544567
0.000830490868157490
-0.000836636182115898
0.000841923374877529
-0.000846317180925506
0.000849783234595746
-0.000852288183207481
0.000853799807692011
-0.000854287136869512
0.000853720568546389
-0.000852071983563778
0.000849314865950359
-0.000845424415295825
0.000840377664483572
-0.000834153588889507
0.000826733220175411
-0.000818099750777285
0.000808238642211190
-0.000797137723294015
0.000784787291399635
-0.000771180202851087
0.000756311965570902
-0.000740180820097893
0.000722787822102627
-0.000704136912523315
0.000684234988470823
-0.000663091961047625
0.000640720813255995
-0.000617137644123770
0.000592361712274709
-0.000566415465123467
0.000539324566922742
-0.000511117911898570
0.000481827635731788
-0.000451489111653214
0.000420140944449366
-0.000387824948692589
0.000354586124537675
-0.000320472617444629
0.000285535675210343
-0.000249829588710349
0.000213411629772098
-0.000176341972621677
0.000138683612366411
-0.000100502267003481
6.18662764703457e-05
-2.28464852934203e-05
-1.64838775712321e-05
5.60493350531347e-05
-9.57723007380862e-05
0.000135573233329470
-0.000175370793002467
0.000215082012836298
-0.000254622471574795
0.000293906481078994
-0.000332847274998585
0.000371357212170896
-0.000409347980777986
0.000446730815122269
-0.000483416709555036
0.000519316651412343
-0.000554341841002310
0.000588403929892663
-0.000621415256030303
0.000653289088410126
-0.000683939867610833
0.000713283454867239
-0.000741237375858467
0.000767721071756787
-0.000792656143625117
0.000815966602648010
-0.000837579112243091
0.000857423234507740
-0.000875431667026838
0.000891540482480001
-0.000905689357062416
0.000917821800152552
-0.000927885371239664
0.000935831896549434
-0.000941617671391218
0.000945203660681949
-0.000946555683691987
0.000945644595496678
-0.000942446451212791
0.000936942665542986
-0.000929120153752748
0.000918971466653964
-0.000906494905774760
0.000891694631350943
-0.000874580749383802
0.000855169390469238
-0.000833482766716989
0.000809549219540550
-0.000783403244721946
0.000755085507607744
-0.000724642834930882
0.000692128196202475
-0.000657600661249484
0.000621125346941447
-0.000582773339771160
0.000542621607428810
-0.000500752886128326
0.000457255556917659
-0.000412223497822466
0.000365755925148009
-0.000317957210881531
0.000268936689612714
-0.000218808442007854
0.000167691068350697
-0.000115707439280868
6.29844373389948e-05
-9.65267654353124e-06
-4.41537862988836e-05
9.82977612342566e-05
-0.000152639241962276
0.000207035742393659
-0.000261342639084228
0.000315413532053377
-0.000369100610016942
0.000422255032451362
-0.000474727314428411
0.000526367726545002
-0.000577026695788311
0.000626555219551711
-0.000674805278567724
0.000721630261064448
-0.000766885383628438
0.000810428120886957
-0.000852118629657810
0.000891820179585371
-0.000929399575800497
0.000964727585557134
-0.000997679354342616
0.00102813482338493
-0.00105597913403089
0.00108110303090490
-0.00110340324931761
0.00112278289883817
-0.00113915182851263
0.00115242698566244
-0.00116253275376990
0.00116940128141681
-0.00117297278782283
0.00117319585700221
-0.00117002770615625
0.00116343444041609
-0.00115339127967644
0.00113988276978246
-0.00112290296396611
0.00110245558693512
-0.00107855416761370
0.00105122215300788
-0.00102049298929233
0.000986410182831187
-0.000949027327645039
0.000908408112300027
-0.000864626292181704
0.000817765638299108
-0.000767919852634567
0.000715192461686937
-0.000659696674824913
0.000601555220751336
-0.000540900148936521
0.000477872609478806
-0.000412622598371774
0.000345308681749725
-0.000276097686204669
0.000205164368861076
-0.000132691054416317
5.88672529477174e-05
1.61107541931414e-05
-9.20403464850365e-05
0.000168713026906770
-0.000245914901144765
0.000323427185789156
-0.000401026731373268
0.000478486572585818
-0.000555576491386062
0.000632063605221567
-0.000707712965945717
0.000782288181496591
-0.000855552045791769
0.000927267188755135
-0.000997196731780907
0.00106510496039994
-0.00113075799930155
0.00119392450132447
-0.00125437633542024
0.00131188928505855
-0.00136624374193247
0.00141722540631170
-0.00146462597877275
0.00150824385455962
-0.00154788480522144
0.00158336265869010
-0.00161449996239529
0.00164112864053838
-0.00166309063011004
0.00168023850679104
-0.00169243608536899
0.00169955900588635
-0.00170149529025387
0.00169814588066816
-0.00168942514471113
0.00167526135863419
-0.00165559715389073
0.00163038993862988
-0.00159961227944809
0.00156325225536504
-0.00152131376958991
0.00147381683132314
-0.00142079779344214
0.00136230955859782
-0.00129842173984716
0.00122922078861625
-0.00115481007637563
0.00107530994306693
-0.000990857698889288
0.000901607592686103
-0.000807730733697653
0.000709414979719767
-0.000606864779966139
0.000500300984082720
-0.000389960605915090
0.000276096554972926
-0.000158977322700349
3.88866371649100e-05
8.38769267588906e-05
-0.000209000368138373
0.000336156724612509
-0.000465005567344181
0.000595193539249894
-0.000726354922948534
0.000858112251370394
-0.000990076947435277
0.00112185000568374
-0.00125302270218082
0.00138317734544884
-0.00151188805457796
0.00163872157705310
-0.00176323813217962
0.00188499229233174
-0.00200353388754487
0.00211840894526970
-0.00222916065035611
0.00233533033657989
-0.00243645849422113
0.00253208580440381
-0.00262175418409212
0.00270500785188906
-0.00278139439806776
0.00285046586858512
-0.00291177984598574
0.00296490053626975
-0.00300939984384616
0.00304485844347835
-0.00307086683140803
0.00308702636428166
-0.00309295026799228
0.00308826462512776
-0.00307260932336260
0.00304563897385927
-0.00300702378254407
0.00295645038400648
-0.00289362262172386
0.00281826228534953
-0.00273010978990091
0.00262892480885762
-0.00251448684740252
0.00238659576932160
-0.00224507226539266
0.00208975827844609
-0.00192051737464225
0.00173723507788554
-0.00153981915865125
0.00132819989584429
-0.00110233030460277
0.000862186350209730
-0.000607767142449335
0.000339095131841552
-5.62163031804744e-05
-0.000240799611311700
0.000551858903152233
-0.000876843620406863
0.00121561126600538
-0.00156799443914352
0.00193380042423217
-0.00231281070595686
0.00270478041623078
-0.00310943769337505
0.00352648296157205
-0.00395558811363523
0.00439639560836709
-0.00484851746923196
0.00531153419977601
-0.00578499360719191
0.00626840955466516
-0.00676126063964120
0.00726298882490763
-0.00777299802636536
0.00829065269154193
-0.00881527638023685
0.00934615038914418
-0.00988251243980651
0.0104235554797533
-0.0109684266240719
0.0115162262948539
-0.0120660075928259
0.0126167759648819
-0.0131674892070284
0.0137170578702708
-0.0142643461110385
0.0148081730536863
-0.0153473147042449
0.0158805064777592
-0.0164064463701016
-0.0164064463701016
0.0158805064777592
-0.0153473147042449
0.0148081730536863
-0.0142643461110385
0.0137170578702708
-0.0131674892070284
0.0126167759648819
-0.0120660075928259
0.0115162262948539
-0.0109684266240719
0.0104235554797533
-0.00988251243980651
0.00934615038914418
-0.00881527638023685
0.00829065269154193
-0.00777299802636536
0.00726298882490763
-0.00676126063964120
0.00626840955466516
-0.00578499360719191
0.00531153419977601
-0.00484851746923196
0.00439639560836709
-0.00395558811363523
0.00352648296157205
-0.00310943769337505
0.00270478041623078
-0.00231281070595686
0.00193380042423217
-0.00156799443914352
0.00121561126600538
-0.000876843620406863
0.000551858903152233
-0.000240799611311700
-5.62163031804744e-05
0.000339095131841552
-0.000607767142449335
0.000862186350209730
-0.00110233030460277
0.00132819989584429
-0.00153981915865125
0.00173723507788554
-0.00192051737464225
0.00208975827844609
-0.00224507226539266
0.00238659576932160
-0.00251448684740252
0.00262892480885762
-0.00273010978990091
0.00281826228534953
-0.00289362262172386
0.00295645038400648
-0.00300702378254407
0.00304563897385927
-0.00307260932336260
0.00308826462512776
-0.00309295026799228
0.00308702636428166
-0.00307086683140803
0.00304485844347835
-0.00300939984384616
0.00296490053626975
-0.00291177984598574
0.00285046586858512
-0.00278139439806776
0.00270500785188906
-0.00262175418409212
0.00253208580440381
-0.00243645849422113
0.00233533033657989
-0.00222916065035611
0.00211840894526970
-0.00200353388754487
0.00188499229233174
-0.00176323813217962
0.00163872157705310
-0.00151188805457796
0.00138317734544884
-0.00125302270218082
0.00112185000568374
-0.000990076947435277
0.000858112251370394
-0.000726354922948534
0.000595193539249894
-0.000465005567344181
0.000336156724612509
-0.000209000368138373
8.38769267588906e-05
3.88866371649100e-05
-0.000158977322700349
0.000276096554972926
-0.000389960605915090
0.000500300984082720
-0.000606864779966139
0.000709414979719767
-0.000807730733697653
0.000901607592686103
-0.000990857698889288
0.00107530994306693
-0.00115481007637563
0.00122922078861625
-0.00129842173984716
0.00136230955859782
-0.00142079779344214
0.00147381683132314
-0.00152131376958991
0.00156325225536504
-0.00159961227944809
0.00163038993862988
-0.00165559715389073
0.00167526135863419
-0.00168942514471113
0.00169814588066816
-0.00170149529025387
0.00169955900588635
-0.00169243608536899
0.00168023850679104
-0.00166309063011004
0.00164112864053838
-0.00161449996239529
0.00158336265869010
-0.00154788480522144
0.00150824385455962
-0.00146462597877275
0.00141722540631170
-0.00136624374193247
0.00131188928505855
-0.00125437633542024
0.00119392450132447
-0.00113075799930155
0.00106510496039994
-0.000997196731780907
0.000927267188755135
-0.000855552045791769
0.000782288181496591
-0.000707712965945717
0.000632063605221567
-0.000555576491386062
0.000478486572585818
-0.000401026731373268
0.000323427185789156
-0.000245914901144765
0.000168713026906770
-9.20403464850365e-05
1.61107541931414e-05
5.88672529477174e-05
-0.000132691054416317
0.000205164368861076
-0.000276097686204669
0.000345308681749725
-0.000412622598371774
0.000477872609478806
-0.000540900148936521
0.000601555220751336
-0.000659696674824913
0.000715192461686937
-0.000767919852634567
0.000817765638299108
-0.000864626292181704
0.000908408112300027
-0.000949027327645039
0.000986410182831187
-0.00102049298929233
0.00105122215300788
-0.00107855416761370
0.00110245558693512
-0.00112290296396611
0.00113988276978246
-0.00115339127967644
0.00116343444041609
-0.00117002770615625
0.00117319585700221
-0.00117297278782283
0.00116940128141681
-0.00116253275376990
0.00115242698566244
-0.00113915182851263
0.00112278289883817
-0.00110340324931761
0.00108110303090490
-0.00105597913403089
0.00102813482338493
-0.000997679354342616
0.000964727585557134
-0.000929399575800497
0.000891820179585371
-0.000852118629657810
0.000810428120886957
-0.000766885383628438
0.000721630261064448
-0.000674805278567724
0.000626555219551711
-0.000577026695788311
0.000526367726545002
-0.000474727314428411
0.000422255032451362
-0.000369100610016942
0.000315413532053377
-0.000261342639084228
0.000207035742393659
-0.000152639241962276
9.82977612342566e-05
-4.41537862988836e-05
-9.65267654353124e-06
6.29844373389948e-05
-0.000115707439280868
0.000167691068350697
-0.000218808442007854
0.000268936689612714
-0.000317957210881531
0.000365755925148009
-0.000412223497822466
0.000457255556917659
-0.000500752886128326
0.000542621607428810
-0.000582773339771160
0.000621125346941447
-0.000657600661249484
0.000692128196202475
-0.000724642834930882
0.000755085507607744
-0.000783403244721946
0.000809549219540550
-0.000833482766716989
0.000855169390469238
-0.000874580749383802
0.000891694631350943
-0.000906494905774760
0.000918971466653964
-0.000929120153752748
0.000936942665542986
-0.000942446451212791
0.000945644595496678
-0.000946555683691987
0.000945203660681949
-0.000941617671391218
0.000935831896549434
-0.000927885371239664
0.000917821800152552
-0.000905689357062416
0.000891540482480001
-0.000875431667026838
0.000857423234507740
-0.000837579112243091
0.000815966602648010
-0.000792656143625117
0.000767721071756787
-0.000741237375858467
0.000713283454867239
-0.000683939867610833
0.000653289088410126
-0.000621415256030303
0.000588403929892663
-0.000554341841002310
0.000519316651412343
-0.000483416709555036
0.000446730815122269
-0.000409347980777986
0.000371357212170896
-0.000332847274998585
0.000293906481078994
-0.000254622471574795
0.000215082012836298
-0.000175370793002467
0.000135573233329470
-9.57723007380862e-05
5.60493350531347e-05
-1.64838775712321e-05
-2.28464852934203e-05
6.18662764703457e-05
-0.000100502267003481
0.000138683612366411
-0.000176341972621677
0.000213411629772098
-0.000249829588710349
0.000285535675210343
-0.000320472617444629
0.000354586124537675
-0.000387824948692589
0.000420140944449366
-0.000451489111653214
0.000481827635731788
-0.000511117911898570
0.000539324566922742
-0.000566415465123467
0.000592361712274709
-0.000617137644123770
0.000640720813255995
-0.000663091961047625
0.000684234988470823
-0.000704136912523315
0.000722787822102627
-0.000740180820097893
0.000756311965570902
-0.000771180202851087
0.000784787291399635
-0.000797137723294015
0.000808238642211190
-0.000818099750777285
0.000826733220175411
-0.000834153588889507
0.000840377664483572
-0.000845424415295825
0.000849314865950359
-0.000852071983563778
0.000853720568546389
-0.000854287136869512
0.000853799807692011
-0.000852288183207481
0.000849783234595746
-0.000846317180925506
0.000841923374877529
-0.000836636182115898
0.000830490868157490
-0.000823523479544567
0.000815770733147416
-0.000807269900374232
0.000798058700088449
-0.000788175186983335
0.000777657649187377
-0.000766544501817450
0.000754874190227065
-0.000742685089629608
0.000730015414815914
-0.000716903126614042
0.000703385848774043
-0.000689500781896185
0.000675284628051542
-0.000660773512680416
0.000646002917385684
-0.000631007610172927
0.000615821586723556
-0.000600478009220757
0.000585009156283474
-0.000569446370497165
0.000553820017068129
-0.000538159440060634
0.000522492929716874
-0.000506847687291245
0.000491249800875644
-0.000475724218621287
0.000460294732812493
-0.000444983961175490
0.000429813338859609
-0.000414803107455704
0.000399972314474673
-0.000385338809638177
0.000370919251393052
-0.000356729109980427
0.000342782680428943
-0.000329093091692180
0.000315672325054108
-0.000302531227525771
0.000289679532487863
-0.000277125865154838
0.000264877846898578
-0.000252942039041987
0.000241323985826652
-0.000230028250785775
0.000219058457769037
-0.000208417322116011
0.000198106689293006
-0.000188127566199185
0.000178480161232569
-0.000169163917414854
0.000160177554188532
-0.000151519101967982
0.000143185944992176
-0.000135174856547503
0.000127482042131353
-0.000120103174647637
0.000113033437239888
-0.000106267557877596
9.97998513339768e-05
-9.36242526903053e-05
8.77343580313841e-05
-8.21234564810386e-05
7.67845692631005e-05
-7.17104799448618e-05
6.68937715656429e-05
-6.23268548132245e-05
5.80020029665642e-05
-5.39113777740902e-05
5.00470620035728e-05
-4.64010828393288e-05
4.29654418789913e-05
-3.97321359121939e-05
3.66931842536770e-05
-3.38406468263176e-05
3.11666487708166e-05
-2.86633957818274e-05
2.63231959734978e-05
-2.41384724786551e-05
2.21017826001941e-05
-2.02058277219476e-05
1.84434698121182e-05
-1.68077387283827e-05
1.52918461716629e-05
-1.38891905005929e-05
1.25933682652780e-05
-1.13981766729864e-05
1.02976228561899e-05
-9.28592415547043e-06
8.35751529702839e-06
-7.50704667528579e-06
6.72938962828059e-06
-6.01963291340675e-06
5.37308627845991e-06
-4.78527533214748e-06
4.25194361528064e-06
-3.76904607198614e-06
3.33274982797847e-06
-2.93942647111407e-06
2.58565174623053e-06
-2.26819685206390e-06
1.98402725586521e-06
-1.73029320794804e-06
1.50432787310080e-06
-1.30363725525240e-06
1.12589783175598e-06
-9.68946066384020e-07
8.30775721032392e-07
-7.09527122710517e-07
6.03484309614277e-07
-5.11064202053853e-07
4.30813723367735e-07
-3.61399006616171e-07
3.01602613073447e-07
-2.50312889155826e-07
2.06521388732617e-07
-1.69312478170735e-07
1.37861052169206e-07
-1.11422468007816e-07
8.93306273302566e-08
-7.09883036078990e-08
5.58656453894884e-08
-4.34909438976842e-08
3.34495959960919e-08
-2.53753413501221e-08
1.89497050179923e-08
-1.38937134320296e-08
9.96781295153992e-09
-6.96404256106879e-09
4.70637929316898e-09
-3.04328122268556e-09
1.84833519996706e-09
-1.01305776270299e-09
4.47955995962149e-10
-7.65520237278438e-11
0.785398163237731