0.785386628865055
8.19024752981015e-07
-7.68998816276333e-07
2.50168256251166e-06
-4.57211704567129e-07
5.42868176189737e-07
-7.52767485205672e-07
5.64907058076661e-07
-6.34828346291836e-07
7.38011319626732e-07
-7.16680034451755e-07
7.84576105860809e-07
-8.61308467947367e-07
8.81754985390121e-07
-9.43646564575948e-07
1.00753384750893e-06
-1.03847586439386e-06
1.09389574335448e-06
-1.14668151553238e-06
1.18005475936557e-06
-1.22777921578674e-06
1.27354156129372e-06
-1.30546521583908e-06
1.34895468042610e-06
-1.38914293683252e-06
1.42175540588225e-06
-1.46204930267172e-06
1.50112524513721e-06
-1.53432134319707e-06
1.57522401483909e-06
-1.61386446451371e-06
1.65028754356916e-06
-1.69165808777701e-06
1.73258814149957e-06
-1.77105869185524e-06
1.81490170037561e-06
-1.85686662047857e-06
1.89866010384710e-06
-1.94329384529469e-06
1.98762643558000e-06
-2.03071124661883e-06
2.07737576016443e-06
-2.12229413309116e-06
2.16786364335763e-06
-2.21491529321718e-06
2.26196158775816e-06
-2.30846498430973e-06
2.35764896483302e-06
-2.40557905157987e-06
2.45483314857984e-06
-2.50503471494795e-06
2.55583190488280e-06
-2.60668457192857e-06
2.65988848901016e-06
-2.71241475063141e-06
2.76670942640232e-06
-2.82168378782348e-06
2.87770573435081e-06
-2.93403366420792e-06
2.99243452745244e-06
-3.05046274302005e-06
3.11034542506511e-06
-3.17062640583142e-06
3.23215971078619e-06
-3.29400001271897e-06
3.35768145063588e-06
-3.42116832412486e-06
3.48650943367800e-06
-3.55211539774030e-06
3.61917877825869e-06
-3.68659554151853e-06
3.75582884051769e-06
-3.82510844906813e-06
3.89633369325054e-06
-3.96787607318590e-06
4.04112232001967e-06
-4.11482296363453e-06
4.19041680195560e-06
-4.26626689140954e-06
4.34413469334864e-06
-4.42237802079402e-06
4.50247348075448e-06
-4.58305048112313e-06
4.66554786944297e-06
-4.74839351030067e-06
4.83325278753423e-06
-4.91850003356539e-06
5.00566434622686e-06
-5.09330617878718e-06
5.18289486083910e-06
-5.27290276344561e-06
5.36494815800186e-06
-5.45744198574970e-06
5.55194771512157e-06
-5.64699114337588e-06
5.74407500971657e-06
-5.84169218960571e-06
5.94143045328724e-06
-6.04172485101365e-06
6.14414480675239e-06
-6.24718634620028e-06
6.35236664596530e-06
-6.45817403159286e-06
6.56616902243664e-06
-6.67479579036832e-06
6.78561562858039e-06
-6.89710405647046e-06
7.01078758852327e-06
-7.12514898028306e-06
7.24173785334653e-06
-7.35901100604495e-06
7.47852914526709e-06
-7.59876567197483e-06
7.72126211979031e-06
-7.84450388799577e-06
7.97004312816262e-06
-8.09635040467417e-06
8.22498839598407e-06
-8.35443276656126e-06
8.48623394878673e-06
-8.61887559668221e-06
8.75390890340094e-06
-8.88980732628884e-06
9.02812785813905e-06
-9.16734226200064e-06
9.30899976862777e-06
-9.45157688744572e-06
9.59662064617541e-06
-9.74260275930263e-06
9.89107495741550e-06
-1.00405074980676e-05
1.01924502243084e-05
-1.03453783083928e-05
1.05008410791726e-05
-1.06573138638023e-05
1.08163505829345e-05
-1.09764263610224e-05
1.11390960160007e-05
-1.13028381052969e-05
1.14692067450572e-05
-1.16366810462499e-05
1.18068168900193e-05
-1.19780918297150e-05
1.21520615626991e-05
-1.23272039417289e-05
1.25050725625825e-05
-1.26841447168071e-05
1.28659736125376e-05
-1.30490346564323e-05
1.32348808254387e-05
-1.34219873366651e-05
1.36119061965646e-05
-1.38031132215833e-05
1.39971609252563e-05
-1.41925252490418e-05
1.43907600990928e-05
-1.45903424918957e-05
1.47928271413863e-05
-1.49966927125968e-05
1.52034949817737e-05
-1.54117133973209e-05
1.56229049529389e-05
-1.58355495653246e-05
1.60512044370244e-05
-1.62683498777878e-05
1.64885427771643e-05
-1.67102630029308e-05
1.69350671549567e-05
-1.71614343118032e-05
1.73909203842413e-05
-1.76220040151632e-05
1.78562404322935e-05
-1.80921079270206e-05
1.83311616899131e-05
-1.85718799195210e-05
1.88158181325435e-05
-1.90614551099866e-05
1.93103469411176e-05
-1.95609732927262e-05
1.98148912374364e-05
-2.00705813151600e-05
2.03296015832600e-05
-2.05904334783018e-05
2.08546356995630e-05
-2.11206902880968e-05
2.13901563242231e-05
-2.16615159430197e-05
2.19363282472200e-05
-2.22130751683853e-05
2.24933154283824e-05
-2.27755305875612e-05
2.30612789017520e-05
-2.33490414592555e-05
2.36403761849993e-05
-2.39337638943289e-05
2.42307623741362e-05
-2.45298525223984e-05
2.48325923326075e-05
-2.51374630793243e-05
2.54460233128863e-05
-2.57567549466617e-05
2.60712172462567e-05
-2.63878929003610e-05
2.67083419111847e-05
-2.70310476383467e-05
2.73575706952001e-05
-2.76863948934847e-05
2.80190811600191e-05
-2.83541134951107e-05
2.86930528285366e-05
-2.90343830614949e-05
2.93796649153061e-05
-2.97273820003725e-05
3.00790947254587e-05
-3.04332863900765e-05
3.07915171367138e-05
-3.11522700691638e-05
3.15171052492427e-05
-3.18845058031806e-05
3.22560319601604e-05
-3.26301671286088e-05
3.30084719296558e-05
-3.33894302650356e-05
3.37746033034586e-05
-3.41624755338170e-05
3.45546087024164e-05
-3.49494878485724e-05
3.53486751998823e-05
-3.57506561921646e-05
3.61569933486255e-05
-3.65661722762963e-05
3.69797555652948e-05
-3.73962287922693e-05
3.78171544179859e-05
-3.82410178324977e-05
3.86693812703859e-05
-3.91007298877467e-05
3.95366257138342e-05
-3.99755537375079e-05
4.04190758929199e-05
-4.08656771697826e-05
4.13169195942818e-05
-4.17712883455216e-05
4.22303457341455e-05
-4.26925773062765e-05
4.31595457982466e-05
-4.36297372186624e-05
4.41047147785289e-05
-4.45829649465485e-05
4.50660513594620e-05
-4.55524608365425e-05
4.60437572950811e-05
-4.65384277471046e-05
4.70380362015263e-05
-4.75410696807531e-05
4.80490921164994e-05
-4.85605903987489e-05
4.90771282800260e-05
-4.95971924532919e-05
5.01223464833604e-05
-5.06510769062553e-05
5.11849471794434e-05
-5.17224438056237e-05
5.22651302883594e-05
-5.28114932612105e-05
5.33630964457676e-05
-5.39184267631265e-05
5.44790482909550e-05
-5.50434483432435e-05
5.56131914067347e-05
-5.61867652064058e-05
5.67657346084601e-05
-5.73485876661096e-05
5.79368895111059e-05
-5.85291283818126e-05
5.91268695154601e-05
-5.97286011731986e-05
6.03358885386170e-05
-6.09472197594309e-05
6.15641598684269e-05
-6.21851968358392e-05
6.28118955208398e-05
-6.34427437458582e-05
6.40793062634497e-05
-6.47200708539487e-05
6.53666022967367e-05
-6.60173884790756e-05
6.66739943625807e-05
-6.73349080835396e-05
6.80016949139155e-05
-6.86728433357851e-05
6.93499189889629e-05
-7.00314107187304e-05
7.07188845014599e-05
-7.14108294868836e-05
7.21088118846413e-05
-7.28113210156342e-05
7.35199231878966e-05
-7.42331077415818e-05
7.49524409461500e-05
-7.56764120427419e-05
7.64065871627751e-05
-7.71414553995914e-05
7.78825827277794e-05
-7.86284581126068e-05
7.93806474351570e-05
-8.01376396188408e-05
8.09010005784674e-05
-8.16692193230548e-05
8.24438619300274e-05
-8.32234176283483e-05
8.40094527633424e-05
-8.48004568709757e-05
8.55979966133869e-05
-8.64005618429578e-05
8.72097195192277e-05
-8.80239597535380e-05
8.88448497105449e-05
-8.96708796498414e-05
9.05036168181465e-05
-9.13415514996731e-05
9.21862508987488e-05
-9.30362052158068e-05
9.38929815410265e-05
-9.47550699413280e-05
9.56240373742797e-05
-9.64983737925393e-05
9.73796460709669e-05
-9.82663441319727e-05
9.91600348638330e-05
-0.000100059208265926
0.000100965431362800
-0.000101877194333013
0.000102796064431787
-0.000103720532087043
0.000104652164827800
-0.000105589453344128
0.000106533965414634
-0.000107484191945988
0.000108441700888341
-0.000109404983270520
0.000110375607107377
-0.000111352063443089
0.000112335920251019
-0.000113325668501194
0.000114322876056779
-0.000115326033766598
0.000116336709370857
-0.000117353393607683
0.000118377654139400
-0.000119407981653426
0.000120445943815965
-0.000121490031361227
0.000122541812052251
-0.000123599776764481
0.000124665493431958
-0.000125737453135257
0.000126817224019806
-0.000127903297376240
0.000128997241547668
-0.000130097547996382
0.000131205785196519
-0.000132320444701581
0.000133443095027972
-0.000134572227723077
0.000135709411256347
-0.000136853137089751
0.000138004973583531
-0.000139163412071100
0.000140330020783554
-0.000141503290935501
0.000142684790661922
-0.000143873011107024
0.000145069520374242
-0.000146272809619978
0.000147484446995433
-0.000148702923747834
0.000149929808143993
-0.000151163591572913
0.000152405842456260
-0.000153655052333320
0.000154912789767414
-0.000156177546420484
0.000157450890939807
-0.000158731315040741
0.000160020387381940
-0.000161316599644539
0.000162621520420120
-0.000163933641284332
0.000165254530701792
-0.000166582680104882
0.000167919657807437
-0.000169263955099555
0.000170617140169055
-0.000171977704202248
0.000173347215313809
-0.000174724164654017
0.000176110120332413
-0.000177503573528880
0.000178906092411515
-0.000180316168237792
0.000181735369265664
-0.000183162186844094
0.000184598189313601
-0.000186041868092047
0.000187494791555881
-0.000188955451132715
0.000190425415172262
-0.000191903175033530
0.000193390298968577
-0.000194885278202101
0.000196389680832405
-0.000197901997910784
0.000199423797353417
-0.000200953570036772
0.000202492883707956
-0.000204040229099258
0.000205597173834835
-0.000207162208555417
0.000208736900823671
-0.000210319741249209
0.000211912297392385
-0.000213513059872451
0.000215123596281281
-0.000216742397267454
0.000218371030448885
-0.000220007986486516
0.000221654832985141
-0.000223310060570085
0.000224975236772471
-0.000226648852113569
0.000228332473984346
-0.000230024592739022
0.000231726775572237
-0.000233437512631144
0.000235158370887447
-0.000236887840266420
0.000238627487532306
-0.000240375802408453
0.000242134351488832
-0.000243901624349878
0.000245679187462116
-0.000247465530313844
0.000249262219310984
-0.000251067743893514
0.000252883670433706
-0.000254708488344697
0.000256543763968396
-0.000258387986671315
0.000260242722735614
-0.000262106461433575
0.000263980768934648
-0.000265864134353023
0.000267758123673754
-0.000269661225803563
0.000271575006482316
-0.000273497954363445
0.000275431634919083
-0.000277374536534417
0.000279328224420725
-0.000281291186713531
0.000283264988396818
-0.000285248117404603
0.000287242138541998
-0.000289245539596349
0.000291259885246826
-0.000293283663173146
0.000295318437963246
-0.000297362697206266
0.000299418005403673
-0.000301482850038839
0.000303558795493854
-0.000305644329107548
0.000307741015085073
-0.000309847340561009
0.000311964869503688
-0.000314092088781506
0.000316230562074302
-0.000318378775937403
0.000320538293739900
-0.000322707601715825
0.000324888262914146
-0.000327078763273951
0.000329280665557621
-0.000331492455446974
0.000333715695471645
-0.000335948871100957
0.000338193544678788
-0.000340448201509715
0.000342714403777239
-0.000344990636633562
0.000347278462109052
-0.000349576365188217
0.000351885907714435
-0.000354205574467424
0.000356536927048835
-0.000358878449974882
0.000361231704546635
-0.000363595174958994
0.000365970422163969
-0.000368355929993920
0.000370753259024712
-0.000373160892711857
0.000375580391264567
-0.000378010237773586
0.000380451992112037
-0.000382904137048008
0.000385368232156739
-0.000387842759935410
0.000390329279706767
-0.000392826273724483
0.000395335301090128
-0.000397854843832322
0.000400386460818840
-0.000402928633845278
0.000405482921520863
-0.000408047805353870
0.000410624843652809
-0.000413212517585476
0.000415812385095550
-0.000418422926963508
0.000421045700715850
-0.000423679186712562
0.000426324942034515
-0.000428981446608393
0.000431650257078677
-0.000434329852949994
0.000437021790458141
-0.000439724548717830
0.000442439683600728
-0.000445165673875236
0.000447904075078897
-0.000450653365669658
0.000453415100875578
-0.000456187758847467
0.000458972894507194
-0.000461768985679546
0.000464577586949349
-0.000467397175777742
0.000470229306361196
-0.000473072455747889
0.000475928177694924
-0.000478794948781687
0.000481674322282595
-0.000484564774277208
0.000487467857532740
-0.000490382047616078
0.000493308896786275
-0.000496246880118220
0.000499197549383395
-0.000502159379193701
0.000505133920871060
-0.000508119648597251
0.000511118113280832
-0.000514127788698806
0.000517150225362633
-0.000520183896655409
0.000523230352684589
-0.000526288066416832
0.000529358587533668
-0.000532440388548853
0.000535535018667234
-0.000538640949897310
0.000541759730927719
-0.000544889833210356
0.000548032804871880
-0.000551187116785536
0.000554354316479404
-0.000557532874245416
0.000560724337018373
-0.000563927174512690
0.000567142933091402
-0.000570370081914398
0.000573610166812658
-0.000576861656415968
0.000580126096050122
-0.000583401953840475
0.000586690774620262
-0.000589991026016731
0.000593304252358675
-0.000596628920763603
0.000599966575027383
-0.000603315681718758
0.000606677784061529
-0.000610051348027263
0.000613437916222238
-0.000616835953980477
0.000620247003245847
-0.000623669528689757
0.000627105071570950
-0.000630552095880069
0.000634012142200514
-0.000637483673844580
0.000640968230733996
-0.000644464275532819
0.000647973347518832
-0.000651493908735374
0.000655027497846576
-0.000658572576283850
0.000662130682114441
-0.000665700276157272
0.000669282895878438
-0.000672877001469081
0.000676484129756655
-0.000680102740286510
0.000683734369198377
-0.000687377475346152
0.000691033594147270
-0.000694701183724514
0.000698381778728045
-0.000702073836518042
0.000705778890968850
-0.000709495398659643
0.000713224892682839
-0.000716965828840616
0.000720719739466904
-0.000724485079592784
0.000728263380819791
-0.000732053097434298
0.000735855760314470
-0.000739669823021608
0.000743496815722962
-0.000747335191257025
0.000751186479058997
-0.000755049131239660
0.000758924676480073
-0.000762811566124856
0.000766711328064508
-0.000770622412837263
0.000774546347510584
-0.000778481581772673
0.000782429641827184
-0.000786388976494383
0.000790361111085485
-0.000794344493541140
0.000798340648278219
-0.000802348022353508
0.000806368139305937
-0.000810399445316864
0.000814443463064550
-0.000818498637876977
0.000822566491584553
-0.000826645468672444
0.000830737090131894
-0.000834839799607144
0.000838955117242101
-0.000843081485818191
0.000847220424617481
-0.000851370375526894
0.000855532856928983
-0.000859706309785731
0.000863892251534803
-0.000868089122180526
0.000872298438184718
-0.000876518638561019
0.000880751238773974
-0.000884994676836660
0.000889250467201718
-0.000893517046885508
0.000897795929336636
-0.000902085550576964
0.000906387423071167
-0.000910699981860343
0.000915024738437241
-0.000919360126870196
0.000923707657685973
-0.000928065763985764
0.000932435955316799
-0.000936816663799545
0.000941209397982906
-0.000945612588977331
0.000950027744305830
-0.000954453294029150
0.000958890744609196
-0.000963338525025988
0.000967798140642699
-0.000972268019335928
0.000976749665342592
-0.000981241505415742
0.000985745042668112
-0.000990258702719595
0.000994783987556900
-0.000999319321678709
0.00100386620595848
-0.00100842306378221
0.00101299139491938
-0.00101756962165403
0.00102215924265911
-0.00102675867911643
0.00103136942859035
-0.00103598991115160
0.00104062162323997
-0.00104526298378550
0.00104991548807666
-0.00105457755386929
0.00105925067526540
-0.00106393326881654
0.00106862682740090
-0.00107332976634132
0.00107804357726917
-0.00108276667425519
0.00108750054767925
-0.00109224361035354
0.00109699735140126
-0.00110176018238644
0.00110653359118439
-0.00111131598811819
0.00111610885982602
-0.00112091061540160
0.00112572274024821
-0.00113054364223220
0.00113537480551792
-0.00114021463673082
0.00114506461878634
-0.00114992315703882
0.00115479173313088
-0.00115966875111859
0.00116455569133427
-0.00116945095650493
0.00117435602562379
-0.00117926930005772
0.00118419225743510
-0.00118912329775184
0.00119406389725324
-0.00119901245455692
0.00120397044452744
-0.00120893626440863
0.00121391138769143
-0.00121889421025336
0.00122388620422676
-0.00122888576413150
0.00123389436074479
-0.00123891038723378
0.00124393531302191
-0.00124896752991036
0.00125400850595476
-0.00125905663157621
0.00126411337343401
-0.00126917712054063
0.00127424933813032
-0.00127932841377792
0.00128441581125997
-0.00128950991668532
0.00129461219235347
-0.00129972102288897
0.00130483786909971
-0.00130996111411983
0.00131509221727004
-0.00132022956019452
0.00132537460073543
-0.00133052571906367
0.00133568437154973
-0.00134084893690492
0.00134602087004134
-0.00135119854821059
0.00135638342486967
-0.00136157387580871
0.00136677135301727
-0.00137197423080389
0.00137718395967501
-0.00138239891243551
0.00138762053807025
-0.00139284720786115
0.00139808036924535
-0.00140331839194997
0.00140856272184879
-0.00141381172709440
0.00141906685199013
-0.00142432646311391
0.00142959200319129
-0.00143486183723674
0.00144013740641502
-0.00144541707418704
0.00145070228017265
-0.00145599138629744
0.00146128583064624
-0.00146658397362122
0.00147188725177931
-0.00147719402399778
0.00148250572529988
-0.00148782071302366
0.00149314042064530
-0.00149846320394388
0.00150379049482286
-0.00150912064747759
0.00151445509221942
-0.00151979218163476
0.00152513334442545
-0.00153047693156165
0.00153582437012572
-0.00154117400947181
0.00154652727507130
-0.00155188251467084
0.00155724115215128
-0.00156260153367068
0.00156796508153452
-0.00157333014033883
0.00157869813083620
-0.00158406739606937
0.00158943935524601
-0.00159481234987110
0.00160018779760659
-0.00160556403840312
0.00161094248837256
-0.00161632148590314
0.00162170244552600
-0.00162708370405578
0.00163246667442941
-0.00163784969186209
0.00164323416768996
-0.00164861843552164
0.00165400390510109
-0.00165938890842648
0.00166477485365341
-0.00167016007120878
0.00167554596767258
-0.00168093087192452
0.00168631618899982
-0.00169170024625251
0.00169708444720746
-0.00170246711771530
0.00170784965980239
-0.00171323039783061
0.00171861073233515
-0.00172398898619750
0.00172936655844796
-0.00173474177047743
0.00174011601982068
-0.00174548762634412
0.00175085798608526
-0.00175622541738614
0.00176159131477010
-0.00176695399506255
0.00177231485127864
-0.00177767219874634
0.00178302742898239
-0.00178837885584906
0.00179372786940297
-0.00179907278206352
0.00180441498246632
-0.00180975278162485
0.00181508756678889
-0.00182041764759948
0.00182574440994165
-0.00183106616210691
0.00183638428863341
-0.00184169709646940
0.00184700596881464
-0.00185230921127445
0.00185760820571048
-0.00186290125637679
0.00186818974379665
-0.00187347197088445
0.00187874931681810
-0.00188402008318535
0.00188928564783836
-0.00189454431106308
0.00189979744941067
-0.00190504336189764
0.00191028342382958
-0.00191551593298406
0.00192074226346513
-0.00192596071186792
0.00193117265113080
-0.00193637637670619
0.00194157326041331
-0.00194676159658175
0.00195194275593717
-0.00195711503171446
0.00196227979355496
-0.00196743533361181
0.00197258302044577
-0.00197772114514343
0.00198285107518985
-0.00198797110061494
0.00199308258784540
-0.00199818382587373
0.00200327618009963
-0.00200835793850629
0.00201343046550797
-0.00201849204812597
0.00202354404983995
-0.00202858475676218
0.00203361553149517
-0.00203863465929301
0.00204364350194049
-0.00204864034388962
0.00205362654614079
-0.00205860039239232
0.00206356324289706
-0.00206851338063012
0.00207345216512086
-0.00207837787864000
0.00208329188001476
-0.00208819245082680
0.00209308094922932
-0.00209795565612899
0.00210281792903051
-0.00210766604819878
0.00211250137052837
-0.00211732217568702
0.00212212982000957
-0.00212692258262061
0.00213170181935619
-0.00213646580887173
0.00214121590655643
-0.00214595039067055
0.00215067061622265
-0.00215537486113611
0.00216006448009414
-0.00216473775073525
0.00216939602746930
-0.00217403758768040
0.00217866378554431
-0.00218327289822412
0.00218786627968987
-0.00219244220690949
0.00219700203367834
-0.00220154403679809
0.00220606956992767
-0.00221057690974876
0.00221506740982196
-0.00221953934676494
0.00222399407410554
-0.00222842986846197
0.00223284808339568
-0.00223724699560157
0.00224162795875333
-0.00224598924969533
0.00225033222228501
-0.00225465515358759
0.00225895939771228
-0.00226324323200346
0.00226750801087411
-0.00227175201199585
0.00227597659013582
-0.00228018002332477
0.00228436366672223
-0.00228852579876016
0.00229266777502079
-0.00229678787437949
0.00230088745288539
-0.00230496478990851
0.00230902124201587
-0.00231305508913500
0.00231706768841983
-0.00232105732042997
0.00232502534298269
-0.00232897003734762
0.00233289276209229
-0.00233679179927721
0.00234066850829737
-0.00234452117208191
0.00234835115092736
-0.00235215672869215
0.00235593926663436
-0.00235969704959936
0.00236343143985440
-0.00236714072327442
0.00237082626317769
-0.00237448634651238
0.00237812233769023
-0.00238173252477162
0.00238531827331474
-0.00238887787254853
0.00239241268922966
-0.00239592101382510
0.00239940421436495
-0.00240286058262686
0.00240629148799588
-0.00240969522364688
0.00241307316040434
-0.00241642359292340
0.00241974789355222
-0.00242304435850207
0.00242631436171714
-0.00242955620103719
0.00243277125205765
-0.00243595781430242
0.00243911726507192
-0.00244224790561496
0.00244535111498045
-0.00244842519618741
0.00245147153007064
-0.00245448842146441
0.00245747725304374
-0.00246043633150399
0.00246336704142101
-0.00246626769142413
0.00246913966804921
-0.00247198128193954
0.00247479392168367
-0.00247757589999672
0.00248032860761453
-0.00248305035943129
0.00248574254834706
-0.00248840349155322
0.00249103458424812
-0.00249363414563444
0.00249620357369031
-0.00249874119003150
-0.00249874119003150
0.00249620357369031
-0.00249363414563444
0.00249103458424812
-0.00248840349155322
0.00248574254834706
-0.00248305035943129
0.00248032860761453
-0.00247757589999672
0.00247479392168367
-0.00247198128193954
0.00246913966804921
-0.00246626769142413
0.00246336704142101
-0.00246043633150399
0.00245747725304374
-0.00245448842146441
0.00245147153007064
-0.00244842519618741
0.00244535111498045
-0.00244224790561496
0.00243911726507192
-0.00243595781430242
0.00243277125205765
-0.00242955620103719
0.00242631436171714
-0.00242304435850207
0.00241974789355222
-0.00241642359292340
0.00241307316040434
-0.00240969522364688
0.00240629148799588
-0.00240286058262686
0.00239940421436495
-0.00239592101382510
0.00239241268922966
-0.00238887787254853
0.00238531827331474
-0.00238173252477162
0.00237812233769023
-0.00237448634651238
0.00237082626317769
-0.00236714072327442
0.00236343143985440
-0.00235969704959936
0.00235593926663436
-0.00235215672869215
0.00234835115092736
-0.00234452117208191
0.00234066850829737
-0.00233679179927721
0.00233289276209229
-0.00232897003734762
0.00232502534298269
-0.00232105732042997
0.00231706768841983
-0.00231305508913500
0.00230902124201587
-0.00230496478990851
0.00230088745288539
-0.00229678787437949
0.00229266777502079
-0.00228852579876016
0.00228436366672223
-0.00228018002332477
0.00227597659013582
-0.00227175201199585
0.00226750801087411
-0.00226324323200346
0.00225895939771228
-0.00225465515358759
0.00225033222228501
-0.00224598924969533
0.00224162795875333
-0.00223724699560157
0.00223284808339568
-0.00222842986846197
0.00222399407410554
-0.00221953934676494
0.00221506740982196
-0.00221057690974876
0.00220606956992767
-0.00220154403679809
0.00219700203367834
-0.00219244220690949
0.00218786627968987
-0.00218327289822412
0.00217866378554431
-0.00217403758768040
0.00216939602746930
-0.00216473775073525
0.00216006448009414
-0.00215537486113611
0.00215067061622265
-0.00214595039067055
0.00214121590655643
-0.00213646580887173
0.00213170181935619
-0.00212692258262061
0.00212212982000957
-0.00211732217568702
0.00211250137052837
-0.00210766604819878
0.00210281792903051
-0.00209795565612899
0.00209308094922932
-0.00208819245082680
0.00208329188001476
-0.00207837787864000
0.00207345216512086
-0.00206851338063012
0.00206356324289706
-0.00205860039239232
0.00205362654614079
-0.00204864034388962
0.00204364350194049
-0.00203863465929301
0.00203361553149517
-0.00202858475676218
0.00202354404983995
-0.00201849204812597
0.00201343046550797
-0.00200835793850629
0.00200327618009963
-0.00199818382587373
0.00199308258784540
-0.00198797110061494
0.00198285107518985
-0.00197772114514343
0.00197258302044577
-0.00196743533361181
0.00196227979355496
-0.00195711503171446
0.00195194275593717
-0.00194676159658175
0.00194157326041331
-0.00193637637670619
0.00193117265113080
-0.00192596071186792
0.00192074226346513
-0.00191551593298406
0.00191028342382958
-0.00190504336189764
0.00189979744941067
-0.00189454431106308
0.00188928564783836
-0.00188402008318535
0.00187874931681810
-0.00187347197088445
0.00186818974379665
-0.00186290125637679
0.00185760820571048
-0.00185230921127445
0.00184700596881464
-0.00184169709646940
0.00183638428863341
-0.00183106616210691
0.00182574440994165
-0.00182041764759948
0.00181508756678889
-0.00180975278162485
0.00180441498246632
-0.00179907278206352
0.00179372786940297
-0.00178837885584906
0.00178302742898239
-0.00177767219874634
0.00177231485127864
-0.00176695399506255
0.00176159131477010
-0.00175622541738614
0.00175085798608526
-0.00174548762634412
0.00174011601982068
-0.00173474177047743
0.00172936655844796
-0.00172398898619750
0.00171861073233515
-0.00171323039783061
0.00170784965980239
-0.00170246711771530
0.00169708444720746
-0.00169170024625251
0.00168631618899982
-0.00168093087192452
0.00167554596767258
-0.00167016007120878
0.00166477485365341
-0.00165938890842648
0.00165400390510109
-0.00164861843552164
0.00164323416768996
-0.00163784969186209
0.00163246667442941
-0.00162708370405578
0.00162170244552600
-0.00161632148590314
0.00161094248837256
-0.00160556403840312
0.00160018779760659
-0.00159481234987110
0.00158943935524601
-0.00158406739606937
0.00157869813083620
-0.00157333014033883
0.00156796508153452
-0.00156260153367068
0.00155724115215128
-0.00155188251467084
0.00154652727507130
-0.00154117400947181
0.00153582437012572
-0.00153047693156165
0.00152513334442545
-0.00151979218163476
0.00151445509221942
-0.00150912064747759
0.00150379049482286
-0.00149846320394388
0.00149314042064530
-0.00148782071302366
0.00148250572529988
-0.00147719402399778
0.00147188725177931
-0.00146658397362122
0.00146128583064624
-0.00145599138629744
0.00145070228017265
-0.00144541707418704
0.00144013740641502
-0.00143486183723674
0.00142959200319129
-0.00142432646311391
0.00141906685199013
-0.00141381172709440
0.00140856272184879
-0.00140331839194997
0.00139808036924535
-0.00139284720786115
0.00138762053807025
-0.00138239891243551
0.00137718395967501
-0.00137197423080389
0.00136677135301727
-0.00136157387580871
0.00135638342486967
-0.00135119854821059
0.00134602087004134
-0.00134084893690492
0.00133568437154973
-0.00133052571906367
0.00132537460073543
-0.00132022956019452
0.00131509221727004
-0.00130996111411983
0.00130483786909971
-0.00129972102288897
0.00129461219235347
-0.00128950991668532
0.00128441581125997
-0.00127932841377792
0.00127424933813032
-0.00126917712054063
0.00126411337343401
-0.00125905663157621
0.00125400850595476
-0.00124896752991036
0.00124393531302191
-0.00123891038723378
0.00123389436074479
-0.00122888576413150
0.00122388620422676
-0.00121889421025336
0.00121391138769143
-0.00120893626440863
0.00120397044452744
-0.00119901245455692
0.00119406389725324
-0.00118912329775184
0.00118419225743510
-0.00117926930005772
0.00117435602562379
-0.00116945095650493
0.00116455569133427
-0.00115966875111859
0.00115479173313088
-0.00114992315703882
0.00114506461878634
-0.00114021463673082
0.00113537480551792
-0.00113054364223220
0.00112572274024821
-0.00112091061540160
0.00111610885982602
-0.00111131598811819
0.00110653359118439
-0.00110176018238644
0.00109699735140126
-0.00109224361035354
0.00108750054767925
-0.00108276667425519
0.00107804357726917
-0.00107332976634132
0.00106862682740090
-0.00106393326881654
0.00105925067526540
-0.00105457755386929
0.00104991548807666
-0.00104526298378550
0.00104062162323997
-0.00103598991115160
0.00103136942859035
-0.00102675867911643
0.00102215924265911
-0.00101756962165403
0.00101299139491938
-0.00100842306378221
0.00100386620595848
-0.000999319321678709
0.000994783987556900
-0.000990258702719595
0.000985745042668112
-0.000981241505415742
0.000976749665342592
-0.000972268019335928
0.000967798140642699
-0.000963338525025988
0.000958890744609196
-0.000954453294029150
0.000950027744305830
-0.000945612588977331
0.000941209397982906
-0.000936816663799545
0.000932435955316799
-0.000928065763985764
0.000923707657685973
-0.000919360126870196
0.000915024738437241
-0.000910699981860343
0.000906387423071167
-0.000902085550576964
0.000897795929336636
-0.000893517046885508
0.000889250467201718
-0.000884994676836660
0.000880751238773974
-0.000876518638561019
0.000872298438184718
-0.000868089122180526
0.000863892251534803
-0.000859706309785731
0.000855532856928983
-0.000851370375526894
0.000847220424617481
-0.000843081485818191
0.000838955117242101
-0.000834839799607144
0.000830737090131894
-0.000826645468672444
0.000822566491584553
-0.000818498637876977
0.000814443463064550
-0.000810399445316864
0.000806368139305937
-0.000802348022353508
0.000798340648278219
-0.000794344493541140
0.000790361111085485
-0.000786388976494383
0.000782429641827184
-0.000778481581772673
0.000774546347510584
-0.000770622412837263
0.000766711328064508
-0.000762811566124856
0.000758924676480073
-0.000755049131239660
0.000751186479058997
-0.000747335191257025
0.000743496815722962
-0.000739669823021608
0.000735855760314470
-0.000732053097434298
0.000728263380819791
-0.000724485079592784
0.000720719739466904
-0.000716965828840616
0.000713224892682839
-0.000709495398659643
0.000705778890968850
-0.000702073836518042
0.000698381778728045
-0.000694701183724514
0.000691033594147270
-0.000687377475346152
0.000683734369198377
-0.000680102740286510
0.000676484129756655
-0.000672877001469081
0.000669282895878438
-0.000665700276157272
0.000662130682114441
-0.000658572576283850
0.000655027497846576
-0.000651493908735374
0.000647973347518832
-0.000644464275532819
0.000640968230733996
-0.000637483673844580
0.000634012142200514
-0.000630552095880069
0.000627105071570950
-0.000623669528689757
0.000620247003245847
-0.000616835953980477
0.000613437916222238
-0.000610051348027263
0.000606677784061529
-0.000603315681718758
0.000599966575027383
-0.000596628920763603
0.000593304252358675
-0.000589991026016731
0.000586690774620262
-0.000583401953840475
0.000580126096050122
-0.000576861656415968
0.000573610166812658
-0.000570370081914398
0.000567142933091402
-0.000563927174512690
0.000560724337018373
-0.000557532874245416
0.000554354316479404
-0.000551187116785536
0.000548032804871880
-0.000544889833210356
0.000541759730927719
-0.000538640949897310
0.000535535018667234
-0.000532440388548853
0.000529358587533668
-0.000526288066416832
0.000523230352684589
-0.000520183896655409
0.000517150225362633
-0.000514127788698806
0.000511118113280832
-0.000508119648597251
0.000505133920871060
-0.000502159379193701
0.000499197549383395
-0.000496246880118220
0.000493308896786275
-0.000490382047616078
0.000487467857532740
-0.000484564774277208
0.000481674322282595
-0.000478794948781687
0.000475928177694924
-0.000473072455747889
0.000470229306361196
-0.000467397175777742
0.000464577586949349
-0.000461768985679546
0.000458972894507194
-0.000456187758847467
0.000453415100875578
-0.000450653365669658
0.000447904075078897
-0.000445165673875236
0.000442439683600728
-0.000439724548717830
0.000437021790458141
-0.000434329852949994
0.000431650257078677
-0.000428981446608393
0.000426324942034515
-0.000423679186712562
0.000421045700715850
-0.000418422926963508
0.000415812385095550
-0.000413212517585476
0.000410624843652809
-0.000408047805353870
0.000405482921520863
-0.000402928633845278
0.000400386460818840
-0.000397854843832322
0.000395335301090128
-0.000392826273724483
0.000390329279706767
-0.000387842759935410
0.000385368232156739
-0.000382904137048008
0.000380451992112037
-0.000378010237773586
0.000375580391264567
-0.000373160892711857
0.000370753259024712
-0.000368355929993920
0.000365970422163969
-0.000363595174958994
0.000361231704546635
-0.000358878449974882
0.000356536927048835
-0.000354205574467424
0.000351885907714435
-0.000349576365188217
0.000347278462109052
-0.000344990636633562
0.000342714403777239
-0.000340448201509715
0.000338193544678788
-0.000335948871100957
0.000333715695471645
-0.000331492455446974
0.000329280665557621
-0.000327078763273951
0.000324888262914146
-0.000322707601715825
0.000320538293739900
-0.000318378775937403
0.000316230562074302
-0.000314092088781506
0.000311964869503688
-0.000309847340561009
0.000307741015085073
-0.000305644329107548
0.000303558795493854
-0.000301482850038839
0.000299418005403673
-0.000297362697206266
0.000295318437963246
-0.000293283663173146
0.000291259885246826
-0.000289245539596349
0.000287242138541998
-0.000285248117404603
0.000283264988396818
-0.000281291186713531
0.000279328224420725
-0.000277374536534417
0.000275431634919083
-0.000273497954363445
0.000271575006482316
-0.000269661225803563
0.000267758123673754
-0.000265864134353023
0.000263980768934648
-0.000262106461433575
0.000260242722735614
-0.000258387986671315
0.000256543763968396
-0.000254708488344697
0.000252883670433706
-0.000251067743893514
0.000249262219310984
-0.000247465530313844
0.000245679187462116
-0.000243901624349878
0.000242134351488832
-0.000240375802408453
0.000238627487532306
-0.000236887840266420
0.000235158370887447
-0.000233437512631144
0.000231726775572237
-0.000230024592739022
0.000228332473984346
-0.000226648852113569
0.000224975236772471
-0.000223310060570085
0.000221654832985141
-0.000220007986486516
0.000218371030448885
-0.000216742397267454
0.000215123596281281
-0.000213513059872451
0.000211912297392385
-0.000210319741249209
0.000208736900823671
-0.000207162208555417
0.000205597173834835
-0.000204040229099258
0.000202492883707956
-0.000200953570036772
0.000199423797353417
-0.000197901997910784
0.000196389680832405
-0.000194885278202101
0.000193390298968577
-0.000191903175033530
0.000190425415172262
-0.000188955451132715
0.000187494791555881
-0.000186041868092047
0.000184598189313601
-0.000183162186844094
0.000181735369265664
-0.000180316168237792
0.000178906092411515
-0.000177503573528880
0.000176110120332413
-0.000174724164654017
0.000173347215313809
-0.000171977704202248
0.000170617140169055
-0.000169263955099555
0.000167919657807437
-0.000166582680104882
0.000165254530701792
-0.000163933641284332
0.000162621520420120
-0.000161316599644539
0.000160020387381940
-0.000158731315040741
0.000157450890939807
-0.000156177546420484
0.000154912789767414
-0.000153655052333320
0.000152405842456260
-0.000151163591572913
0.000149929808143993
-0.000148702923747834
0.000147484446995433
-0.000146272809619978
0.000145069520374242
-0.000143873011107024
0.000142684790661922
-0.000141503290935501
0.000140330020783554
-0.000139163412071100
0.000138004973583531
-0.000136853137089751
0.000135709411256347
-0.000134572227723077
0.000133443095027972
-0.000132320444701581
0.000131205785196519
-0.000130097547996382
0.000128997241547668
-0.000127903297376240
0.000126817224019806
-0.000125737453135257
0.000124665493431958
-0.000123599776764481
0.000122541812052251
-0.000121490031361227
0.000120445943815965
-0.000119407981653426
0.000118377654139400
-0.000117353393607683
0.000116336709370857
-0.000115326033766598
0.000114322876056779
-0.000113325668501194
0.000112335920251019
-0.000111352063443089
0.000110375607107377
-0.000109404983270520
0.000108441700888341
-0.000107484191945988
0.000106533965414634
-0.000105589453344128
0.000104652164827800
-0.000103720532087043
0.000102796064431787
-0.000101877194333013
0.000100965431362800
-0.000100059208265926
9.91600348638330e-05
-9.82663441319727e-05
9.73796460709669e-05
-9.64983737925393e-05
9.56240373742797e-05
-9.47550699413280e-05
9.38929815410265e-05
-9.30362052158068e-05
9.21862508987488e-05
-9.13415514996731e-05
9.05036168181465e-05
-8.96708796498414e-05
8.88448497105449e-05
-8.80239597535380e-05
8.72097195192277e-05
-8.64005618429578e-05
8.55979966133869e-05
-8.48004568709757e-05
8.40094527633424e-05
-8.32234176283483e-05
8.24438619300274e-05
-8.16692193230548e-05
8.09010005784674e-05
-8.01376396188408e-05
7.93806474351570e-05
-7.86284581126068e-05
7.78825827277794e-05
-7.71414553995914e-05
7.64065871627751e-05
-7.56764120427419e-05
7.49524409461500e-05
-7.42331077415818e-05
7.35199231878966e-05
-7.28113210156342e-05
7.21088118846413e-05
-7.14108294868836e-05
7.07188845014599e-05
-7.00314107187304e-05
6.93499189889629e-05
-6.86728433357851e-05
6.80016949139155e-05
-6.73349080835396e-05
6.66739943625807e-05
-6.60173884790756e-05
6.53666022967367e-05
-6.47200708539487e-05
6.40793062634497e-05
-6.34427437458582e-05
6.28118955208398e-05
-6.21851968358392e-05
6.15641598684269e-05
-6.09472197594309e-05
6.03358885386170e-05
-5.97286011731986e-05
5.91268695154601e-05
-5.85291283818126e-05
5.79368895111059e-05
-5.73485876661096e-05
5.67657346084601e-05
-5.61867652064058e-05
5.56131914067347e-05
-5.50434483432435e-05
5.44790482909550e-05
-5.39184267631265e-05
5.33630964457676e-05
-5.28114932612105e-05
5.22651302883594e-05
-5.17224438056237e-05
5.11849471794434e-05
-5.06510769062553e-05
5.01223464833604e-05
-4.95971924532919e-05
4.90771282800260e-05
-4.85605903987489e-05
4.80490921164994e-05
-4.75410696807531e-05
4.70380362015263e-05
-4.65384277471046e-05
4.60437572950811e-05
-4.55524608365425e-05
4.50660513594620e-05
-4.45829649465485e-05
4.41047147785289e-05
-4.36297372186624e-05
4.31595457982466e-05
-4.26925773062765e-05
4.22303457341455e-05
-4.17712883455216e-05
4.13169195942818e-05
-4.08656771697826e-05
4.04190758929199e-05
-3.99755537375079e-05
3.95366257138342e-05
-3.91007298877467e-05
3.86693812703859e-05
-3.82410178324977e-05
3.78171544179859e-05
-3.73962287922693e-05
3.69797555652948e-05
-3.65661722762963e-05
3.61569933486255e-05
-3.57506561921646e-05
3.53486751998823e-05
-3.49494878485724e-05
3.45546087024164e-05
-3.41624755338170e-05
3.37746033034586e-05
-3.33894302650356e-05
3.30084719296558e-05
-3.26301671286088e-05
3.22560319601604e-05
-3.18845058031806e-05
3.15171052492427e-05
-3.11522700691638e-05
3.07915171367138e-05
-3.04332863900765e-05
3.00790947254587e-05
-2.97273820003725e-05
2.93796649153061e-05
-2.90343830614949e-05
2.86930528285366e-05
-2.83541134951107e-05
2.80190811600191e-05
-2.76863948934847e-05
2.73575706952001e-05
-2.70310476383467e-05
2.67083419111847e-05
-2.63878929003610e-05
2.60712172462567e-05
-2.57567549466617e-05
2.54460233128863e-05
-2.51374630793243e-05
2.48325923326075e-05
-2.45298525223984e-05
2.42307623741362e-05
-2.39337638943289e-05
2.36403761849993e-05
-2.33490414592555e-05
2.30612789017520e-05
-2.27755305875612e-05
2.24933154283824e-05
-2.22130751683853e-05
2.19363282472200e-05
-2.16615159430197e-05
2.13901563242231e-05
-2.11206902880968e-05
2.08546356995630e-05
-2.05904334783018e-05
2.03296015832600e-05
-2.00705813151600e-05
1.98148912374364e-05
-1.95609732927262e-05
1.93103469411176e-05
-1.90614551099866e-05
1.88158181325435e-05
-1.85718799195210e-05
1.83311616899131e-05
-1.80921079270206e-05
1.78562404322935e-05
-1.76220040151632e-05
1.73909203842413e-05
-1.71614343118032e-05
1.69350671549567e-05
-1.67102630029308e-05
1.64885427771643e-05
-1.62683498777878e-05
1.60512044370244e-05
-1.58355495653246e-05
1.56229049529389e-05
-1.54117133973209e-05
1.52034949817737e-05
-1.49966927125968e-05
1.47928271413863e-05
-1.45903424918957e-05
1.43907600990928e-05
-1.41925252490418e-05
1.39971609252563e-05
-1.38031132215833e-05
1.36119061965646e-05
-1.34219873366651e-05
1.32348808254387e-05
-1.30490346564323e-05
1.28659736125376e-05
-1.26841447168071e-05
1.25050725625825e-05
-1.23272039417289e-05
1.21520615626991e-05
-1.19780918297150e-05
1.18068168900193e-05
-1.16366810462499e-05
1.14692067450572e-05
-1.13028381052969e-05
1.11390960160007e-05
-1.09764263610224e-05
1.08163505829345e-05
-1.06573138638023e-05
1.05008410791726e-05
-1.03453783083928e-05
1.01924502243084e-05
-1.00405074980676e-05
9.89107495741550e-06
-9.74260275930263e-06
9.59662064617541e-06
-9.45157688744572e-06
9.30899976862777e-06
-9.16734226200064e-06
9.02812785813905e-06
-8.88980732628884e-06
8.75390890340094e-06
-8.61887559668221e-06
8.48623394878673e-06
-8.35443276656126e-06
8.22498839598407e-06
-8.09635040467417e-06
7.97004312816262e-06
-7.84450388799577e-06
7.72126211979031e-06
-7.59876567197483e-06
7.47852914526709e-06
-7.35901100604495e-06
7.24173785334653e-06
-7.12514898028306e-06
7.01078758852327e-06
-6.89710405647046e-06
6.78561562858039e-06
-6.67479579036832e-06
6.56616902243664e-06
-6.45817403159286e-06
6.35236664596530e-06
-6.24718634620028e-06
6.14414480675239e-06
-6.04172485101365e-06
5.94143045328724e-06
-5.84169218960571e-06
5.74407500971657e-06
-5.64699114337588e-06
5.55194771512157e-06
-5.45744198574970e-06
5.36494815800186e-06
-5.27290276344561e-06
5.18289486083910e-06
-5.09330617878718e-06
5.00566434622686e-06
-4.91850003356539e-06
4.83325278753423e-06
-4.74839351030067e-06
4.66554786944297e-06
-4.58305048112313e-06
4.50247348075448e-06
-4.42237802079402e-06
4.34413469334864e-06
-4.26626689140954e-06
4.19041680195560e-06
-4.11482296363453e-06
4.04112232001967e-06
-3.96787607318590e-06
3.89633369325054e-06
-3.82510844906813e-06
3.75582884051769e-06
-3.68659554151853e-06
3.61917877825869e-06
-3.55211539774030e-06
3.48650943367800e-06
-3.42116832412486e-06
3.35768145063588e-06
-3.29400001271897e-06
3.23215971078619e-06
-3.17062640583142e-06
3.11034542506511e-06
-3.05046274302005e-06
2.99243452745244e-06
-2.93403366420792e-06
2.87770573435081e-06
-2.82168378782348e-06
2.76670942640232e-06
-2.71241475063141e-06
2.65988848901016e-06
-2.60668457192857e-06
2.55583190488280e-06
-2.50503471494795e-06
2.45483314857984e-06
-2.40557905157987e-06
2.35764896483302e-06
-2.30846498430973e-06
2.26196158775816e-06
-2.21491529321718e-06
2.16786364335763e-06
-2.12229413309116e-06
2.07737576016443e-06
-2.03071124661883e-06
1.98762643558000e-06
-1.94329384529469e-06
1.89866010384710e-06
-1.85686662047857e-06
1.81490170037561e-06
-1.77105869185524e-06
1.73258814149957e-06
-1.69165808777701e-06
1.65028754356916e-06
-1.61386446451371e-06
1.57522401483909e-06
-1.53432134319707e-06
1.50112524513721e-06
-1.46204930267172e-06
1.42175540588225e-06
-1.38914293683252e-06
1.34895468042610e-06
-1.30546521583908e-06
1.27354156129372e-06
-1.22777921578674e-06
1.18005475936557e-06
-1.14668151553238e-06
1.09389574335448e-06
-1.03847586439386e-06
1.00753384750893e-06
-9.43646564575948e-07
8.81754985390121e-07
-8.61308467947367e-07
7.84576105860809e-07
-7.16680034451755e-07
7.38011319626732e-07
-6.34828346291836e-07
5.64907058076661e-07
-7.52767485205672e-07
5.42868176189737e-07
-4.57211704567129e-07
2.50168256251166e-06
-7.68998816276333e-07
8.19024752981015e-07
0.785386628865055