0.785390299056179
7.50068522587361e-07
-7.36544313542061e-07
7.67354366572993e-07
-7.99976039674448e-07
8.33976464043220e-07
-8.68519256815855e-07
9.04400655350192e-07
-9.40902682304672e-07
9.78744408767924e-07
-1.01783575165843e-06
1.08871815555763e-06
-1.05283662784523e-06
1.12558844529030e-06
-1.18335524033655e-06
1.23459764924877e-06
-1.28153842502427e-06
1.32705516592517e-06
-1.37174352068435e-06
1.41741256762270e-06
-1.46386320233526e-06
1.51260789961836e-06
-1.56539500793758e-06
1.60515811404643e-06
-1.67222091003677e-06
1.72886746485973e-06
-1.78366148109029e-06
1.84065785534307e-06
-1.89999244422540e-06
1.96242323440615e-06
-2.02671642168703e-06
2.09318396939533e-06
-2.16076194250405e-06
2.23004860890962e-06
-2.29655997085620e-06
2.37357908038265e-06
-2.44274776175390e-06
2.51421452539448e-06
-2.58844592846623e-06
2.66554190815479e-06
-2.74391173691927e-06
2.82400596249024e-06
-2.90500457920239e-06
2.98796734467311e-06
-3.07213473499529e-06
3.15804904251300e-06
-3.24881691854210e-06
3.33713869156203e-06
-3.42939522427626e-06
3.52528542444219e-06
-3.62249411696188e-06
3.72140813770336e-06
-3.82145198145168e-06
3.92382578512381e-06
-4.02798444627652e-06
4.13476135730812e-06
-4.24345192831413e-06
4.35568123727559e-06
-4.46722834560299e-06
4.58361319965523e-06
-4.70187728315522e-06
4.82205429279354e-06
-4.94383854723904e-06
5.06864029587699e-06
-5.19585346083331e-06
5.32619558824369e-06
-5.45864496766418e-06
5.59398271877762e-06
-5.73137419448746e-06
5.87060829977361e-06
-6.01349682067365e-06
6.15873409921983e-06
-6.30562839327162e-06
6.45577465426335e-06
-6.60858137363774e-06
6.76464935291258e-06
-6.92293520330771e-06
7.08421703939165e-06
-7.24783971621776e-06
7.41470896053428e-06
-7.58398078622131e-06
7.75761078690862e-06
-7.93318424925722e-06
8.11216954825170e-06
-8.29425018431404e-06
8.48002858180396e-06
-8.66840517512353e-06
8.86019906557782e-06
-9.05480124596724e-06
9.25323136561034e-06
-9.45471749383001e-06
9.66011453938980e-06
-9.86886007122553e-06
1.00808753554489e-05
-1.02961901136801e-05
1.05157747986322e-05
-1.07385121204699e-05
1.09651839875180e-05
-1.11952080731671e-05
1.14295979394818e-05
-1.16675644478328e-05
1.19098355014383e-05
-1.21555835554585e-05
1.24056499035386e-05
-1.26589614042858e-05
1.29170388460925e-05
-1.31789053615900e-05
1.34451409349963e-05
-1.37150769579820e-05
1.39897399251310e-05
-1.42683474044699e-05
1.45516387465319e-05
-1.48387770065284e-05
1.51306784405027e-05
-1.54266282549876e-05
1.57274920947980e-05
-1.60328291635097e-05
1.63431465904892e-05
-1.66575788017518e-05
1.69771769250525e-05
-1.73012371627501e-05
1.76305242479675e-05
-1.79642045820049e-05
1.83031890371463e-05
-1.86468029234463e-05
1.89959307121617e-05
-1.93497988457914e-05
1.97093204237459e-05
-2.00734643148306e-05
2.04432108859649e-05
-2.08179836925040e-05
2.11986203360135e-05
-2.15842734435231e-05
2.19758294960285e-05
-2.23726033376656e-05
2.27754880871991e-05
-2.31836754086089e-05
2.35979996792857e-05
-2.40176941632222e-05
2.44435524132031e-05
-2.48750013456241e-05
2.53129646578301e-05
-2.57565655433228e-05
2.62066233788050e-05
-2.66624351134818e-05
2.71249139694587e-05
-2.75932802841894e-05
2.80683738777473e-05
-2.85494575663365e-05
2.90374403918499e-05
-2.95315871418974e-05
3.00328732134840e-05
-3.05404688646473e-05
3.10551473956287e-05
-3.15761896114696e-05
3.21045474644243e-05
-3.26394782622536e-05
3.31818278600609e-05
-3.37308422295204e-05
3.42874299931905e-05
-3.48508549714113e-05
3.54219899738478e-05
-3.60000901178237e-05
3.65859549403549e-05
-3.71788407320020e-05
3.77797226949277e-05
-3.83878952258352e-05
3.90042038889578e-05
-3.96278702826889e-05
4.02597867644722e-05
-4.08992258191329e-05
4.15470630644285e-05
-4.22025413226388e-05
4.28665416837355e-05
-4.35383032310289e-05
4.42187645039910e-05
-4.49072256307002e-05
4.56045295027028e-05
-4.63098745857669e-05
4.70241436740907e-05
-4.77466276766316e-05
4.84782303700037e-05
-4.92182058781693e-05
4.99674417044541e-05
-5.07252056738724e-05
5.14923914122908e-05
-5.22682864365489e-05
5.30537611309865e-05
-5.38480273499143e-05
5.46519726243909e-05
-5.54649057846817e-05
5.62877496100515e-05
-5.71197592915134e-05
5.79618056856921e-05
-5.88131473892505e-05
5.96746791051570e-05
-6.05456683031740e-05
6.14270131327736e-05
-6.23179609342248e-05
6.32194031298538e-05
-6.41306454967891e-05
6.50526142284524e-05
-6.59845632162098e-05
6.69273548361163e-05
-6.78802464836680e-05
6.88441479605553e-05
-6.98183436116025e-05
7.08037369363444e-05
-7.17995981154883e-05
7.28068163730571e-05
-7.38246729351238e-05
7.48540823769843e-05
-7.58943023912149e-05
7.69462000326292e-05
-7.80090394667593e-05
7.90837436169768e-05
-8.01696102700884e-05
8.12675435980125e-05
-8.23768072135422e-05
8.34982914579015e-05
-8.46312665277781e-05
8.57766432754842e-05
-8.69336978783307e-05
8.81033173337997e-05
-8.92847735973276e-05
9.04789902506629e-05
-9.16852636388743e-05
9.29044912625642e-05
-9.41359271534263e-05
9.53804597141433e-05
-9.66373675709238e-05
9.79075660397945e-05
-9.91903437497214e-05
0.000100486601487255
-0.000101795610010835
0.000103118281437602
-0.000104453905743391
0.000105803381221043
-0.000107165966363853
0.000108542557512447
-0.000109932445733729
0.000111336554493119
-0.000112754170895530
0.000114186193911137
-0.000115631888536150
0.000117092156140593
-0.000118566284507807
0.000120055181710020
-0.000121558118029773
0.000123075996309334
-0.000124608110510138
0.000126155383180708
-0.000127717095476149
0.000129294140651223
-0.000130885786133064
0.000132492937822122
-0.000134114890722954
0.000135752564712182
-0.000137405239137036
0.000139073814588544
-0.000140757577305843
0.000142457444564509
-0.000144172696195419
0.000145904227188090
-0.000147651313440494
0.000149414871429561
-0.000151194201612175
0.000152990225270774
-0.000154802220968630
0.000156631083186826
-0.000158476091504982
0.000160338164672303
-0.000162216592084057
0.000164112276917306
-0.000166024499882609
0.000167954179774775
-0.000169900612494563
0.000171864709880031
-0.000173845744531282
0.000175844609056878
-0.000177860584390915
0.000179894595829103
-0.000181945943750664
0.000184015536235602
-0.000186102648642009
0.000188208192672798
-0.000190331461223659
0.000192473362576666
-0.000194633172498782
0.000196811792763544
-0.000199008512259723
0.000201224259370046
-0.000203458334830571
0.000205711641795256
-0.000207983443526517
0.000210274641136690
-0.000212584530965825
0.000214914031063135
-0.000217262422337683
0.000219630614220606
-0.000222017898551782
0.000224425197798689
-0.000226851805738527
0.000229298622383400
-0.000231764910430323
0.000234251572305469
-0.000236757914867911
0.000239284871941186
-0.000241831725830971
0.000244399371630080
-0.000246987093651912
0.000249595802269615
-0.000252224782071200
0.000254874934901779
-0.000257545531545635
0.000260237479202047
-0.000262950086682416
0.000265684291204394
-0.000268439372217489
0.000271216205283535
-0.000274014062408512
0.000276833868681690
-0.000279674915672560
0.000282538115921675
-0.000285422752177621
0.000288329730657898
-0.000291258346942972
0.000294209524795297
-0.000297182537539706
0.000300178251507754
-0.000303195927180752
0.000306236502853721
-0.000309299297903182
0.000312385211835297
-0.000315493521169808
0.000318625122813205
-0.000321779295967067
0.000324956956468255
-0.000328157387809752
0.000331381473090784
-0.000334628476893348
0.000337899335972875
-0.000341193385228778
0.000344511519990232
-0.000347852960681629
0.000351218598936289
-0.000354607708023637
0.000358021198155967
-0.000361458361702027
0.000364920092188776
-0.000368405646727086
0.000371915933560111
-0.000375450270055021
0.000379009559016521
-0.000382593001512275
0.000386201450544219
-0.000389834243662316
0.000393492300700278
-0.000397174914184363
0.000400882979276685
-0.000404615736971737
0.000408374062120026
-0.000412157245749331
0.000415966200974617
-0.000419800152485788
0.000423659925722864
-0.000427544838499199
0.000431455896424270
-0.000435392321106610
0.000439354979698512
-0.000443343107007312
0.000447357566935748
-0.000451397652978675
0.000455464307427327
-0.000459556803767979
0.000463675977882136
-0.000467821091318918
0.000471993147431799
-0.000476191450669980
0.000480416704152449
-0.000484668178908632
0.000488946762218604
-0.000493251743545164
0.000497584067434507
-0.000501943010418719
0.000506329392634372
-0.000510742408806423
0.000515182989016311
-0.000519650496079499
0.000524145720174731
-0.000528667715665091
0.000533217581788947
-0.000537794608405165
0.000542399705723277
-0.000547032136886123
0.000551692701333249
-0.000556380560758842
0.000561096596943970
-0.000565840181201046
0.000570612228625837
-0.000575411794958921
0.000580239666736767
-0.000585095516194999
0.000589980015993875
-0.000594892363103274
0.000599833370107425
-0.000604802212144157
0.000609799792208567
-0.000614825506383737
0.000619880347249129
-0.000624963466518668
0.000630075498572777
-0.000635215811789907
0.000640385740149177
-0.000645583872034449
0.000650811175433246
-0.000656066911790403
0.000661351975416575
-0.000666665729309193
0.000672009108823789
-0.000677381239784830
0.000682782694844022
-0.000688212576468112
0.000693672119419522
-0.000699160875562599
0.000704678590520863
-0.000710225285498358
0.000715801813166801
-0.000721407417954914
0.000727042968159952
-0.000732707544948282
0.000738401743173803
-0.000744124642030994
0.000749877328808453
-0.000755659560746913
0.000761472031333741
-0.000767312480932362
0.000773183648206973
-0.000779083947987210
0.000785014093773416
-0.000790973222607468
0.000796962026702251
-0.000802979732883023
0.000809027461928530
-0.000815104923987980
0.000821213161463878
-0.000827350516722958
0.000833516460026667
-0.000839713799841906
0.000845940586140080
-0.000852196594151785
0.000858482786483084
-0.000864798420081352
0.000871144536619683
-0.000877520562077299
0.000883927287878179
-0.000890363261486808
0.000896828025163479
-0.000903320549399597
0.000909847387099242
-0.000916400662943104
0.000922984668417936
-0.000929598449150362
0.000936242765161647
-0.000942916853010715
0.000949621307662727
-0.000956354793865745
0.000963117391432551
-0.000969907990430731
0.000976729281756670
-0.000983587607614906
0.000990466867459551
-0.000997378650268274
0.00100431995301146
-0.00101128946970288
0.00101828773847971
-0.00102531357158327
0.00103236765181047
-0.00103944958550921
0.00104656170515647
-0.00105370674284701
0.00106089221184397
-0.00106807630129780
0.00107530913821053
-0.00108256767339466
0.00108985582530602
-0.00109717382805439
0.00110452320871753
-0.00111190414910691
0.00111931870332915
-0.00112676770191526
0.00113425411482448
-0.00114178041841908
0.00114915875438687
-0.00115677427744830
0.00116435383459531
-0.00117195891968637
0.00117959256976593
-0.00118725385349796
0.00119494362110421
-0.00120266092047608
0.00121040648283718
-0.00121817894003933
0.00122597293979769
-0.00123337768857336
0.00124185838356246
-0.00124969505684359
0.00125757168617183
-0.00126548043110509
0.00127342144631637
-0.00128139294973272
0.00128939549146844
-0.00129742741841282
0.00130548939531583
-0.00131357934629134
0.00132169107141431
-0.00132986312508708
0.00133802277263813
-0.00134621941860427
0.00135444868775773
-0.00136270643213684
0.00137099190155785
-0.00137930287691224
0.00138763979873036
-0.00139600121593858
0.00140438784945720
-0.00141279813253541
0.00142123928517751
-0.00142969281831207
0.00143817901635900
-0.00144669039400554
0.00145522585709914
-0.00146378389993887
0.00147236581950932
-0.00148097075924084
0.00148959994541451
-0.00149825216175910
0.00150692850122418
-0.00151562852940820
0.00152434807511535
-0.00153309427955115
0.00154186242835801
-0.00155065082329785
0.00155946121380268
-0.00156829291771005
0.00157714703593193
-0.00158602219981353
0.00159491916869771
-0.00160383662601887
0.00161277539944294
-0.00162173298803371
0.00163071393305351
-0.00163971311116455
0.00164873243655788
-0.00165777154914647
0.00166683142036672
-0.00167591040932155
0.00168500910930201
-0.00169412606766697
0.00170326219600240
-0.00171241613331590
0.00172158869377968
-0.00173077979741222
0.00173998806237779
-0.00174921348825999
0.00175845725885525
-0.00176771759279304
0.00177699501532078
-0.00178628815913399
0.00179559803363709
-0.00180492342393493
0.00181426519249089
-0.00182362200197827
0.00183299487233987
-0.00184238131909492
0.00185178328947849
-0.00186119918369671
0.00187062937310922
-0.00188007244079332
0.00188952940533519
-0.00189899899975247
0.00190848200635016
-0.00191797690365162
0.00192748443603045
-0.00193700313561749
0.00194653348494286
-0.00195607483015101
0.00196562755136216
-0.00197519002463898
0.00198476322085664
-0.00199434585036898
0.00200393862419791
-0.00201353995303763
0.00202315051088185
-0.00203276886068018
0.00204239577043960
-0.00205202978429542
0.00206167197258424
-0.00207132042473776
0.00208097588190394
-0.00209063705755445
0.00210030467528175
-0.00210997712504199
0.00211965507277627
-0.00212933707984458
0.00213902394414229
-0.00214871418767979
0.00215840851997016
-0.00216810546283892
0.00217780542178990
-0.00218750703566761
0.00219721111228619
-0.00220691604097865
0.00221662242930372
-0.00222632878455586
0.00223603585402512
-0.00224574211349500
0.00225544818541614
-0.00226515249213399
0.00227485567679820
-0.00228455611771892
0.00229425467314589
-0.00230394980252128
0.00231364205577472
-0.00232332986421806
0.00233301393454887
-0.00234269271691110
0.00235236680886547
-0.00236203459581195
0.00237169671798026
-0.00238135161683670
0.00239099994005382
-0.00240064019672646
0.00241027291535391
-0.00241989642648599
0.00242951138627092
-0.00243911624269866
0.00244871159068559
-0.00245829579840617
0.00246786947922090
-0.00247743105958549
0.00248698115396710
-0.00249651814521136
0.00250604262080958
-0.00251555287083478
0.00252504948978816
-0.00253453092146086
0.00254399775946680
-0.00255344833614086
0.00256288321090325
-0.00257230076062023
0.00258170156378552
-0.00259108396049288
0.00260044849688931
-0.00260979351512901
0.00261911956108591
-0.00262842504241993
0.00263771055133639
-0.00264697439546728
0.00265621708827301
-0.00266543697251334
0.00267463461292744
-0.00268380834322243
0.00269295869404138
-0.00270208399549591
0.00271118479472878
-0.00272025942709844
0.00272930845140992
-0.00273833016348749
0.00274732504720227
-0.00275629141972059
0.00276522984043093
-0.00277413864254183
0.00278301834399869
-0.00279186724994718
0.00280068588555042
-0.00280947256398933
0.00281822780198499
-0.00282694990179861
0.00283563935340122
-0.00284429445851921
0.00285291576346834
-0.00286150159184343
0.00287005244142245
-0.00287856658822491
0.00288704453338604
-0.00289548457963996
0.00290388723739128
-0.00291225080286465
0.00292057578189577
-0.00292886046851434
0.00293710538653035
-0.00294530884793256
0.00295347134494587
-0.00296159114671251
0.00296966875249571
-0.00297770247257370
0.00298569282711588
-0.00299363811361626
0.00300153883378476
-0.00300939327948682
0.00301720195595931
-0.00302496316493632
0.00303267740691245
-0.00304034296185174
0.00304796033605566
-0.00305552784739382
0.00306304602302844
-0.00307051316186224
0.00307792976294297
-0.00308529412057687
0.00309260674923892
-0.00309986595921771
0.00310707227183947
-0.00311422399061110
0.00312132163344664
-0.00312836352261984
0.00313535019132682
-0.00314227994679125
0.00314915329834060
-0.00315596855623446
0.00316272625815078
-0.00316942473843521
0.00317606453880043
-0.00318264398508866
0.00318916361174161
-0.00319562175263653
0.00320201895955930
-0.00320835356821461
0.00321462611999483
-0.00322083495727412
0.00322698064982247
-0.00323306156160047
0.00323907825859020
-0.00324502908945833
0.00325091461563285
-0.00325673319914961
0.00326248542506726
-0.00326816967021814
0.00327378651746888
-0.00327933434457305
0.00328481375304202
-0.00329022313904136
0.00329556310187101
-0.00330083202624154
0.00330603051599849
-0.00331115698011378
0.00331621204966666
-0.00332119414730233
0.00332610389964508
-0.00333093972251737
-0.00333093972251737
0.00332610389964508
-0.00332119414730233
0.00331621204966666
-0.00331115698011378
0.00330603051599849
-0.00330083202624154
0.00329556310187101
-0.00329022313904136
0.00328481375304202
-0.00327933434457305
0.00327378651746888
-0.00326816967021814
0.00326248542506726
-0.00325673319914961
0.00325091461563285
-0.00324502908945833
0.00323907825859020
-0.00323306156160047
0.00322698064982247
-0.00322083495727412
0.00321462611999483
-0.00320835356821461
0.00320201895955930
-0.00319562175263653
0.00318916361174161
-0.00318264398508866
0.00317606453880043
-0.00316942473843521
0.00316272625815078
-0.00315596855623446
0.00314915329834060
-0.00314227994679125
0.00313535019132682
-0.00312836352261984
0.00312132163344664
-0.00311422399061110
0.00310707227183947
-0.00309986595921771
0.00309260674923892
-0.00308529412057687
0.00307792976294297
-0.00307051316186224
0.00306304602302844
-0.00305552784739382
0.00304796033605566
-0.00304034296185174
0.00303267740691245
-0.00302496316493632
0.00301720195595931
-0.00300939327948682
0.00300153883378476
-0.00299363811361626
0.00298569282711588
-0.00297770247257370
0.00296966875249571
-0.00296159114671251
0.00295347134494587
-0.00294530884793256
0.00293710538653035
-0.00292886046851434
0.00292057578189577
-0.00291225080286465
0.00290388723739128
-0.00289548457963996
0.00288704453338604
-0.00287856658822491
0.00287005244142245
-0.00286150159184343
0.00285291576346834
-0.00284429445851921
0.00283563935340122
-0.00282694990179861
0.00281822780198499
-0.00280947256398933
0.00280068588555042
-0.00279186724994718
0.00278301834399869
-0.00277413864254183
0.00276522984043093
-0.00275629141972059
0.00274732504720227
-0.00273833016348749
0.00272930845140992
-0.00272025942709844
0.00271118479472878
-0.00270208399549591
0.00269295869404138
-0.00268380834322243
0.00267463461292744
-0.00266543697251334
0.00265621708827301
-0.00264697439546728
0.00263771055133639
-0.00262842504241993
0.00261911956108591
-0.00260979351512901
0.00260044849688931
-0.00259108396049288
0.00258170156378552
-0.00257230076062023
0.00256288321090325
-0.00255344833614086
0.00254399775946680
-0.00253453092146086
0.00252504948978816
-0.00251555287083478
0.00250604262080958
-0.00249651814521136
0.00248698115396710
-0.00247743105958549
0.00246786947922090
-0.00245829579840617
0.00244871159068559
-0.00243911624269866
0.00242951138627092
-0.00241989642648599
0.00241027291535391
-0.00240064019672646
0.00239099994005382
-0.00238135161683670
0.00237169671798026
-0.00236203459581195
0.00235236680886547
-0.00234269271691110
0.00233301393454887
-0.00232332986421806
0.00231364205577472
-0.00230394980252128
0.00229425467314589
-0.00228455611771892
0.00227485567679820
-0.00226515249213399
0.00225544818541614
-0.00224574211349500
0.00223603585402512
-0.00222632878455586
0.00221662242930372
-0.00220691604097865
0.00219721111228619
-0.00218750703566761
0.00217780542178990
-0.00216810546283892
0.00215840851997016
-0.00214871418767979
0.00213902394414229
-0.00212933707984458
0.00211965507277627
-0.00210997712504199
0.00210030467528175
-0.00209063705755445
0.00208097588190394
-0.00207132042473776
0.00206167197258424
-0.00205202978429542
0.00204239577043960
-0.00203276886068018
0.00202315051088185
-0.00201353995303763
0.00200393862419791
-0.00199434585036898
0.00198476322085664
-0.00197519002463898
0.00196562755136216
-0.00195607483015101
0.00194653348494286
-0.00193700313561749
0.00192748443603045
-0.00191797690365162
0.00190848200635016
-0.00189899899975247
0.00188952940533519
-0.00188007244079332
0.00187062937310922
-0.00186119918369671
0.00185178328947849
-0.00184238131909492
0.00183299487233987
-0.00182362200197827
0.00181426519249089
-0.00180492342393493
0.00179559803363709
-0.00178628815913399
0.00177699501532078
-0.00176771759279304
0.00175845725885525
-0.00174921348825999
0.00173998806237779
-0.00173077979741222
0.00172158869377968
-0.00171241613331590
0.00170326219600240
-0.00169412606766697
0.00168500910930201
-0.00167591040932155
0.00166683142036672
-0.00165777154914647
0.00164873243655788
-0.00163971311116455
0.00163071393305351
-0.00162173298803371
0.00161277539944294
-0.00160383662601887
0.00159491916869771
-0.00158602219981353
0.00157714703593193
-0.00156829291771005
0.00155946121380268
-0.00155065082329785
0.00154186242835801
-0.00153309427955115
0.00152434807511535
-0.00151562852940820
0.00150692850122418
-0.00149825216175910
0.00148959994541451
-0.00148097075924084
0.00147236581950932
-0.00146378389993887
0.00145522585709914
-0.00144669039400554
0.00143817901635900
-0.00142969281831207
0.00142123928517751
-0.00141279813253541
0.00140438784945720
-0.00139600121593858
0.00138763979873036
-0.00137930287691224
0.00137099190155785
-0.00136270643213684
0.00135444868775773
-0.00134621941860427
0.00133802277263813
-0.00132986312508708
0.00132169107141431
-0.00131357934629134
0.00130548939531583
-0.00129742741841282
0.00128939549146844
-0.00128139294973272
0.00127342144631637
-0.00126548043110509
0.00125757168617183
-0.00124969505684359
0.00124185838356246
-0.00123337768857336
0.00122597293979769
-0.00121817894003933
0.00121040648283718
-0.00120266092047608
0.00119494362110421
-0.00118725385349796
0.00117959256976593
-0.00117195891968637
0.00116435383459531
-0.00115677427744830
0.00114915875438687
-0.00114178041841908
0.00113425411482448
-0.00112676770191526
0.00111931870332915
-0.00111190414910691
0.00110452320871753
-0.00109717382805439
0.00108985582530602
-0.00108256767339466
0.00107530913821053
-0.00106807630129780
0.00106089221184397
-0.00105370674284701
0.00104656170515647
-0.00103944958550921
0.00103236765181047
-0.00102531357158327
0.00101828773847971
-0.00101128946970288
0.00100431995301146
-0.000997378650268274
0.000990466867459551
-0.000983587607614906
0.000976729281756670
-0.000969907990430731
0.000963117391432551
-0.000956354793865745
0.000949621307662727
-0.000942916853010715
0.000936242765161647
-0.000929598449150362
0.000922984668417936
-0.000916400662943104
0.000909847387099242
-0.000903320549399597
0.000896828025163479
-0.000890363261486808
0.000883927287878179
-0.000877520562077299
0.000871144536619683
-0.000864798420081352
0.000858482786483084
-0.000852196594151785
0.000845940586140080
-0.000839713799841906
0.000833516460026667
-0.000827350516722958
0.000821213161463878
-0.000815104923987980
0.000809027461928530
-0.000802979732883023
0.000796962026702251
-0.000790973222607468
0.000785014093773416
-0.000779083947987210
0.000773183648206973
-0.000767312480932362
0.000761472031333741
-0.000755659560746913
0.000749877328808453
-0.000744124642030994
0.000738401743173803
-0.000732707544948282
0.000727042968159952
-0.000721407417954914
0.000715801813166801
-0.000710225285498358
0.000704678590520863
-0.000699160875562599
0.000693672119419522
-0.000688212576468112
0.000682782694844022
-0.000677381239784830
0.000672009108823789
-0.000666665729309193
0.000661351975416575
-0.000656066911790403
0.000650811175433246
-0.000645583872034449
0.000640385740149177
-0.000635215811789907
0.000630075498572777
-0.000624963466518668
0.000619880347249129
-0.000614825506383737
0.000609799792208567
-0.000604802212144157
0.000599833370107425
-0.000594892363103274
0.000589980015993875
-0.000585095516194999
0.000580239666736767
-0.000575411794958921
0.000570612228625837
-0.000565840181201046
0.000561096596943970
-0.000556380560758842
0.000551692701333249
-0.000547032136886123
0.000542399705723277
-0.000537794608405165
0.000533217581788947
-0.000528667715665091
0.000524145720174731
-0.000519650496079499
0.000515182989016311
-0.000510742408806423
0.000506329392634372
-0.000501943010418719
0.000497584067434507
-0.000493251743545164
0.000488946762218604
-0.000484668178908632
0.000480416704152449
-0.000476191450669980
0.000471993147431799
-0.000467821091318918
0.000463675977882136
-0.000459556803767979
0.000455464307427327
-0.000451397652978675
0.000447357566935748
-0.000443343107007312
0.000439354979698512
-0.000435392321106610
0.000431455896424270
-0.000427544838499199
0.000423659925722864
-0.000419800152485788
0.000415966200974617
-0.000412157245749331
0.000408374062120026
-0.000404615736971737
0.000400882979276685
-0.000397174914184363
0.000393492300700278
-0.000389834243662316
0.000386201450544219
-0.000382593001512275
0.000379009559016521
-0.000375450270055021
0.000371915933560111
-0.000368405646727086
0.000364920092188776
-0.000361458361702027
0.000358021198155967
-0.000354607708023637
0.000351218598936289
-0.000347852960681629
0.000344511519990232
-0.000341193385228778
0.000337899335972875
-0.000334628476893348
0.000331381473090784
-0.000328157387809752
0.000324956956468255
-0.000321779295967067
0.000318625122813205
-0.000315493521169808
0.000312385211835297
-0.000309299297903182
0.000306236502853721
-0.000303195927180752
0.000300178251507754
-0.000297182537539706
0.000294209524795297
-0.000291258346942972
0.000288329730657898
-0.000285422752177621
0.000282538115921675
-0.000279674915672560
0.000276833868681690
-0.000274014062408512
0.000271216205283535
-0.000268439372217489
0.000265684291204394
-0.000262950086682416
0.000260237479202047
-0.000257545531545635
0.000254874934901779
-0.000252224782071200
0.000249595802269615
-0.000246987093651912
0.000244399371630080
-0.000241831725830971
0.000239284871941186
-0.000236757914867911
0.000234251572305469
-0.000231764910430323
0.000229298622383400
-0.000226851805738527
0.000224425197798689
-0.000222017898551782
0.000219630614220606
-0.000217262422337683
0.000214914031063135
-0.000212584530965825
0.000210274641136690
-0.000207983443526517
0.000205711641795256
-0.000203458334830571
0.000201224259370046
-0.000199008512259723
0.000196811792763544
-0.000194633172498782
0.000192473362576666
-0.000190331461223659
0.000188208192672798
-0.000186102648642009
0.000184015536235602
-0.000181945943750664
0.000179894595829103
-0.000177860584390915
0.000175844609056878
-0.000173845744531282
0.000171864709880031
-0.000169900612494563
0.000167954179774775
-0.000166024499882609
0.000164112276917306
-0.000162216592084057
0.000160338164672303
-0.000158476091504982
0.000156631083186826
-0.000154802220968630
0.000152990225270774
-0.000151194201612175
0.000149414871429561
-0.000147651313440494
0.000145904227188090
-0.000144172696195419
0.000142457444564509
-0.000140757577305843
0.000139073814588544
-0.000137405239137036
0.000135752564712182
-0.000134114890722954
0.000132492937822122
-0.000130885786133064
0.000129294140651223
-0.000127717095476149
0.000126155383180708
-0.000124608110510138
0.000123075996309334
-0.000121558118029773
0.000120055181710020
-0.000118566284507807
0.000117092156140593
-0.000115631888536150
0.000114186193911137
-0.000112754170895530
0.000111336554493119
-0.000109932445733729
0.000108542557512447
-0.000107165966363853
0.000105803381221043
-0.000104453905743391
0.000103118281437602
-0.000101795610010835
0.000100486601487255
-9.91903437497214e-05
9.79075660397945e-05
-9.66373675709238e-05
9.53804597141433e-05
-9.41359271534263e-05
9.29044912625642e-05
-9.16852636388743e-05
9.04789902506629e-05
-8.92847735973276e-05
8.81033173337997e-05
-8.69336978783307e-05
8.57766432754842e-05
-8.46312665277781e-05
8.34982914579015e-05
-8.23768072135422e-05
8.12675435980125e-05
-8.01696102700884e-05
7.90837436169768e-05
-7.80090394667593e-05
7.69462000326292e-05
-7.58943023912149e-05
7.48540823769843e-05
-7.38246729351238e-05
7.28068163730571e-05
-7.17995981154883e-05
7.08037369363444e-05
-6.98183436116025e-05
6.88441479605553e-05
-6.78802464836680e-05
6.69273548361163e-05
-6.59845632162098e-05
6.50526142284524e-05
-6.41306454967891e-05
6.32194031298538e-05
-6.23179609342248e-05
6.14270131327736e-05
-6.05456683031740e-05
5.96746791051570e-05
-5.88131473892505e-05
5.79618056856921e-05
-5.71197592915134e-05
5.62877496100515e-05
-5.54649057846817e-05
5.46519726243909e-05
-5.38480273499143e-05
5.30537611309865e-05
-5.22682864365489e-05
5.14923914122908e-05
-5.07252056738724e-05
4.99674417044541e-05
-4.92182058781693e-05
4.84782303700037e-05
-4.77466276766316e-05
4.70241436740907e-05
-4.63098745857669e-05
4.56045295027028e-05
-4.49072256307002e-05
4.42187645039910e-05
-4.35383032310289e-05
4.28665416837355e-05
-4.22025413226388e-05
4.15470630644285e-05
-4.08992258191329e-05
4.02597867644722e-05
-3.96278702826889e-05
3.90042038889578e-05
-3.83878952258352e-05
3.77797226949277e-05
-3.71788407320020e-05
3.65859549403549e-05
-3.60000901178237e-05
3.54219899738478e-05
-3.48508549714113e-05
3.42874299931905e-05
-3.37308422295204e-05
3.31818278600609e-05
-3.26394782622536e-05
3.21045474644243e-05
-3.15761896114696e-05
3.10551473956287e-05
-3.05404688646473e-05
3.00328732134840e-05
-2.95315871418974e-05
2.90374403918499e-05
-2.85494575663365e-05
2.80683738777473e-05
-2.75932802841894e-05
2.71249139694587e-05
-2.66624351134818e-05
2.62066233788050e-05
-2.57565655433228e-05
2.53129646578301e-05
-2.48750013456241e-05
2.44435524132031e-05
-2.40176941632222e-05
2.35979996792857e-05
-2.31836754086089e-05
2.27754880871991e-05
-2.23726033376656e-05
2.19758294960285e-05
-2.15842734435231e-05
2.11986203360135e-05
-2.08179836925040e-05
2.04432108859649e-05
-2.00734643148306e-05
1.97093204237459e-05
-1.93497988457914e-05
1.89959307121617e-05
-1.86468029234463e-05
1.83031890371463e-05
-1.79642045820049e-05
1.76305242479675e-05
-1.73012371627501e-05
1.69771769250525e-05
-1.66575788017518e-05
1.63431465904892e-05
-1.60328291635097e-05
1.57274920947980e-05
-1.54266282549876e-05
1.51306784405027e-05
-1.48387770065284e-05
1.45516387465319e-05
-1.42683474044699e-05
1.39897399251310e-05
-1.37150769579820e-05
1.34451409349963e-05
-1.31789053615900e-05
1.29170388460925e-05
-1.26589614042858e-05
1.24056499035386e-05
-1.21555835554585e-05
1.19098355014383e-05
-1.16675644478328e-05
1.14295979394818e-05
-1.11952080731671e-05
1.09651839875180e-05
-1.07385121204699e-05
1.05157747986322e-05
-1.02961901136801e-05
1.00808753554489e-05
-9.86886007122553e-06
9.66011453938980e-06
-9.45471749383001e-06
9.25323136561034e-06
-9.05480124596724e-06
8.86019906557782e-06
-8.66840517512353e-06
8.48002858180396e-06
-8.29425018431404e-06
8.11216954825170e-06
-7.93318424925722e-06
7.75761078690862e-06
-7.58398078622131e-06
7.41470896053428e-06
-7.24783971621776e-06
7.08421703939165e-06
-6.92293520330771e-06
6.76464935291258e-06
-6.60858137363774e-06
6.45577465426335e-06
-6.30562839327162e-06
6.15873409921983e-06
-6.01349682067365e-06
5.87060829977361e-06
-5.73137419448746e-06
5.59398271877762e-06
-5.45864496766418e-06
5.32619558824369e-06
-5.19585346083331e-06
5.06864029587699e-06
-4.94383854723904e-06
4.82205429279354e-06
-4.70187728315522e-06
4.58361319965523e-06
-4.46722834560299e-06
4.35568123727559e-06
-4.24345192831413e-06
4.13476135730812e-06
-4.02798444627652e-06
3.92382578512381e-06
-3.82145198145168e-06
3.72140813770336e-06
-3.62249411696188e-06
3.52528542444219e-06
-3.42939522427626e-06
3.33713869156203e-06
-3.24881691854210e-06
3.15804904251300e-06
-3.07213473499529e-06
2.98796734467311e-06
-2.90500457920239e-06
2.82400596249024e-06
-2.74391173691927e-06
2.66554190815479e-06
-2.58844592846623e-06
2.51421452539448e-06
-2.44274776175390e-06
2.37357908038265e-06
-2.29655997085620e-06
2.23004860890962e-06
-2.16076194250405e-06
2.09318396939533e-06
-2.02671642168703e-06
1.96242323440615e-06
-1.89999244422540e-06
1.84065785534307e-06
-1.78366148109029e-06
1.72886746485973e-06
-1.67222091003677e-06
1.60515811404643e-06
-1.56539500793758e-06
1.51260789961836e-06
-1.46386320233526e-06
1.41741256762270e-06
-1.37174352068435e-06
1.32705516592517e-06
-1.28153842502427e-06
1.23459764924877e-06
-1.18335524033655e-06
1.12558844529030e-06
-1.05283662784523e-06
1.08871815555763e-06
-1.01783575165843e-06
9.78744408767924e-07
-9.40902682304672e-07
9.04400655350192e-07
-8.68519256815855e-07
8.33976464043220e-07
-7.99976039674448e-07
7.67354366572993e-07
-7.36544313542061e-07
7.50068522587361e-07
0.785390299056179