0.785093129957514
1.88321735726197e-05
-1.93887209385052e-05
1.99717450378692e-05
-2.05657309591144e-05
2.97681127815468e-05
-1.82378675515744e-05
1.95992569080387e-05
-2.08670929277722e-05
2.20567450542766e-05
-2.43641688472823e-05
2.31838886924130e-05
-2.46594487492739e-05
2.59508697272584e-05
-2.70968812232247e-05
2.84854011891016e-05
-2.85877967956435e-05
2.97964446601741e-05
-3.08057919013316e-05
3.16833922423008e-05
-3.26207585128192e-05
3.29611985443426e-05
-3.39285626763499e-05
3.47446916344587e-05
-3.54900353880526e-05
3.62829825950728e-05
-3.67954047428168e-05
3.77379981628484e-05
-3.85752671483968e-05
3.93899475017437e-05
-4.02572601565632e-05
4.09928442939627e-05
-4.20339782224684e-05
4.29839636196572e-05
-4.39238932381080e-05
4.49056274607832e-05
-4.58150840253569e-05
4.69357601775362e-05
-4.79636400408748e-05
4.89844813874377e-05
-5.00365037344520e-05
5.10480970709844e-05
-5.22096431096667e-05
5.32879918961872e-05
-5.43712692146074e-05
5.54898433403357e-05
-5.65940448287055e-05
5.78157665692759e-05
-5.89714824793114e-05
6.01494197455888e-05
-6.13682727447460e-05
6.25903614079377e-05
-6.39049177651869e-05
6.51668588095416e-05
-6.64589323922173e-05
6.77904602717154e-05
-6.91283689731121e-05
7.05353976352939e-05
-7.18955036391249e-05
7.32882729739777e-05
-7.47139564153419e-05
7.61458255848958e-05
-7.76286249151280e-05
7.90730790094015e-05
-8.05534870449793e-05
8.20651388493229e-05
-8.35847564556946e-05
8.51474619593245e-05
-8.66831095268073e-05
8.82613792168016e-05
-8.98702721915572e-05
9.14907214969169e-05
-9.31488065030399e-05
9.47905945787944e-05
-9.64772931488999e-05
9.81922272281046e-05
-9.99177968070373e-05
0.000101675903718276
-0.000103423329285343
0.000105215257530468
-0.000107029829350608
0.000108854155949481
-0.000110706287401219
0.000112554068047517
-0.000114445136735309
0.000116356507395263
-0.000118278286918592
0.000120228207414262
-0.000122180528152316
0.000124177617050919
-0.000126193738093020
0.000128223785150500
-0.000130282770781999
0.000132351090377669
-0.000134463345265494
0.000136593823595378
-0.000138739462952673
0.000140914808261803
-0.000143102520249943
0.000145332412951816
-0.000147577670207722
0.000149839767588258
-0.000152130932071267
0.000154437708945370
-0.000156784000124005
0.000159145360238880
-0.000161525539656281
0.000163936806261755
-0.000166366515257433
0.000168835629936460
-0.000171320191910138
0.000173827817930352
-0.000176367961891486
0.000178930082945165
-0.000181530258912867
0.000184147359449795
-0.000186789780632897
0.000189466043628870
-0.000192164943685417
0.000194900691233572
-0.000197653055435216
0.000200433171259952
-0.000203246457250144
0.000206083472103462
-0.000208955262040462
0.000211845200710349
-0.000214764593610014
0.000217718169756316
-0.000220696042007639
0.000223708995847046
-0.000226741624091786
0.000229807030411158
-0.000232906761436462
0.000236032594826358
-0.000239192979798137
0.000242375616834077
-0.000245592409170043
0.000248843921535345
-0.000252121319769446
0.000255433341401505
-0.000258768311415773
0.000262138920423279
-0.000265542789121302
0.000268973126946366
-0.000272437159275483
0.000275926077165483
-0.000279450951354938
0.000283009154837305
-0.000286593927613548
0.000290213495349390
-0.000293859315543764
0.000297542832029114
-0.000301259039946209
0.000305003476680932
-0.000308782961341683
0.000312591015364567
-0.000316436841937137
0.000320315504301073
-0.000324222524860700
0.000328165536708462
-0.000332137541714392
0.000336147781824849
-0.000340189500922641
0.000344260667247112
-0.000348367524474373
0.000352504767794204
-0.000356679565405276
0.000360886073618795
-0.000365122506454123
0.000369395973619184
-0.000373700400241562
0.000378043228840439
-0.000382417437973252
0.000386823603838151
-0.000391267158399534
0.000395743269281982
-0.000400257345322964
0.000404803576592768
-0.000409382385092533
0.000413999622236503
-0.000418649294418020
0.000423337229906320
-0.000428056759832824
0.000432810365533781
-0.000437602022442551
0.000442426961804728
-0.000447289425734418
0.000452184411383160
-0.000457114079291549
0.000462082807338497
-0.000467084817084600
0.000472125214963742
-0.000477198401206489
0.000482308246004603
-0.000487457101076676
0.000492640423396763
-0.000497861921514916
0.000503117596462961
-0.000508410449299190
0.000513743018398627
-0.000519109745262368
0.000524515333439088
-0.000529955081204816
0.000535433279377454
-0.000540950462678905
0.000546502532770962
-0.000552093070589770
0.000557718992540325
-0.000563383514240965
0.000569087590490312
-0.000574826431606650
0.000580604846741672
-0.000586418979981210
0.000592273100105872
-0.000598166325198852
0.000604095477510800
-0.000610064224910868
0.000616070046803426
-0.000622115803773873
0.000628201119528448
-0.000634322159923370
0.000640483696580574
-0.000646682156641568
0.000652921257059103
-0.000659199010565228
0.000665513327109281
-0.000671867814316906
0.000678260127099421
-0.000684692601153085
0.000691164122326012
-0.000697672116222333
0.000704221276702831
-0.000710808127003584
0.000717435907566419
-0.000724102171539728
0.000730806087497748
-0.000737551002483440
0.000744334481420021
-0.000751158347379683
0.000758021163206916
-0.000764921465763510
0.000771863440535895
-0.000778843368301012
0.000785864011212395
-0.000792922769126022
0.000800019824471923
-0.000807157894037257
0.000814334327680416
-0.000821550659533506
0.000828805540330317
-0.000836098475441690
0.000843432977024135
-0.000850805207889637
0.000858217825722768
-0.000865668459331194
0.000873158105546941
-0.000880688691113626
0.000888257469361511
-0.000895865932146455
0.000903512941798920
-0.000911198560733189
0.000918925369577937
-0.000926689457266078
0.000934493488469631
-0.000942335276997792
0.000950216185570739
-0.000958137198291728
0.000966095640719063
-0.000974093141758878
0.000982128783908469
-0.000990202902956257
0.000998317230650620
-0.00100646811848242
0.00101465847051075
-0.00102288629938839
0.00103115311712244
-0.00103945911337844
0.00104780197172770
-0.00105618352964455
0.00106460293193016
-0.00107306048521248
0.00108155714617543
-0.00109008966489721
0.00109866107564330
-0.00110726932333092
0.00111591578805893
-0.00112459998916617
0.00113332010679163
-0.00114207808810271
0.00115087297041476
-0.00115970494112116
0.00116857446805073
-0.00117747891178447
0.00118642139147931
-0.00119539970981328
0.00120441514226398
-0.00121346684959713
0.00122255363600334
-0.00123167741396578
0.00124083698116198
-0.00125003238759122
0.00125926380125065
-0.00126852914300399
0.00127783134637684
-0.00128716789970766
0.00129653995311094
-0.00130594645445413
0.00131538673612458
-0.00132486244692627
0.00133437209640474
-0.00134391570832274
0.00135349336693072
-0.00136310351404520
0.00137274878069355
-0.00138242642655378
0.00139213766731834
-0.00140188143797511
0.00141165751708012
-0.00142146716630610
0.00143130868056523
-0.00144118217214574
0.00145108769708043
-0.00146102401030449
0.00147099325992245
-0.00148099251003045
0.00149102308661509
-0.00150108388314753
0.00151117489868046
-0.00152129689440292
0.00153144806272664
-0.00154162869754970
0.00155183883790791
-0.00156207742038736
0.00157234613341792
-0.00158264205497586
0.00159296674596068
-0.00160331907238648
0.00161369915196270
-0.00162410730113477
0.00163454178584642
-0.00164500311055981
0.00165549120963850
-0.00166600504179924
0.00167654584695236
-0.00168711080743841
0.00169770164655746
-0.00170831705578738
0.00171895712370909
-0.00172962176812350
0.00174030942751030
-0.00175102075734700
0.00176175550171932
-0.00177251260493173
0.00178329300357132
-0.00179409412982752
0.00180491784264337
-0.00181576262744305
0.00182662856944508
-0.00183751534645995
0.00184842166311513
-0.00185934823692388
0.00187029455038319
-0.00188125952436817
0.00189224387714522
-0.00190324527848207
0.00191426555767493
-0.00192530289671529
0.00193635736413664
-0.00194742846131930
0.00195851512347391
-0.00196961799157861
0.00198073626346929
-0.00199186890218106
0.00200301651914397
-0.00201417702329435
0.00202535214277982
-0.00203653981153931
0.00204774019270080
-0.00205895271563461
0.00207017652107750
-0.00208141209355394
0.00209265838900987
-0.00210391447401666
0.00211518087134806
-0.00212645562551568
0.00213774024417071
-0.00214903242750049
0.00216033245102097
-0.00217163964286586
0.00218295323473680
-0.00219427347414397
0.00220559913756009
-0.00221692944552615
0.00222826483376605
-0.00223960342680994
0.00225094651425120
-0.00226229168620643
0.00227363940455618
-0.00228498890508907
0.00229633947236769
-0.00230769113678133
0.00231904259859287
-0.00233039324956745
0.00234174338662981
-0.00235309113631048
0.00236443755779436
-0.00237578018073859
0.00238711960927333
-0.00239845489906284
0.00240978531216869
-0.00242111066832693
0.00243242964893800
-0.00244374178542109
0.00245504718952895
-0.00246634398230671
0.00247763306248236
-0.00248891199257225
0.00250018151519984
-0.00251144049755123
0.00252268821019419
-0.00253392434336113
0.00254514762702774
-0.00255635769399301
0.00256755443717142
-0.00257873597666399
0.00258990308487281
-0.00260105336040520
0.00261218759723702
-0.00262330441872439
0.00263440309872744
-0.00264548321759411
0.00265654354503010
-0.00266758374457146
0.00267860347874884
-0.00268960090934459
0.00270057673774955
-0.00271152862145536
0.00272245738160216
-0.00273336143717731
0.00274424013990229
-0.00275509302002372
0.00276591890120281
-0.00277671744965778
0.00278748812693560
-0.00279822917876602
0.00280894124403130
-0.00281962200376468
0.00283027224600904
-0.00284089018780038
0.00285147526809039
-0.00286202694495357
0.00287254405049715
-0.00288302620982723
0.00289347271061237
-0.00290388191351693
0.00291425439857706
-0.00292458786562591
0.00293488307812004
-0.00294513812058091
0.00295535257470089
-0.00296552584614595
0.00297565678702883
-0.00298574500092691
0.00299578966072326
-0.00300578926739169
0.00301574432694597
-0.00302565253908234
0.00303551463198760
-0.00304532857683991
0.00305509408202109
-0.00306481045776014
0.00307447654748173
-0.00308409192332520
0.00309365566449220
-0.00310316640662556
0.00311262456601462
-0.00312202785380192
0.00313137699444589
-0.00314066989995789
0.00314990643089517
-0.00315908581940277
0.00316820693950661
-0.00317726937715829
0.00318627216722445
-0.00319521409283107
0.00320409548193596
-0.00321291407190256
0.00322167059615683
-0.00323036291528776
0.00323899101909608
-0.00324755403623825
0.00325605086011908
-0.00326448109263626
0.00327284372026026
-0.00328113765725695
0.00328936313758294
-0.00329751790171886
0.00330560278643628
-0.00331361560263012
0.00332155649112080
-0.00332942450787836
-0.00332942450787836
0.00332155649112080
-0.00331361560263012
0.00330560278643628
-0.00329751790171886
0.00328936313758294
-0.00328113765725695
0.00327284372026026
-0.00326448109263626
0.00325605086011908
-0.00324755403623825
0.00323899101909608
-0.00323036291528776
0.00322167059615683
-0.00321291407190256
0.00320409548193596
-0.00319521409283107
0.00318627216722445
-0.00317726937715829
0.00316820693950661
-0.00315908581940277
0.00314990643089517
-0.00314066989995789
0.00313137699444589
-0.00312202785380192
0.00311262456601462
-0.00310316640662556
0.00309365566449220
-0.00308409192332520
0.00307447654748173
-0.00306481045776014
0.00305509408202109
-0.00304532857683991
0.00303551463198760
-0.00302565253908234
0.00301574432694597
-0.00300578926739169
0.00299578966072326
-0.00298574500092691
0.00297565678702883
-0.00296552584614595
0.00295535257470089
-0.00294513812058091
0.00293488307812004
-0.00292458786562591
0.00291425439857706
-0.00290388191351693
0.00289347271061237
-0.00288302620982723
0.00287254405049715
-0.00286202694495357
0.00285147526809039
-0.00284089018780038
0.00283027224600904
-0.00281962200376468
0.00280894124403130
-0.00279822917876602
0.00278748812693560
-0.00277671744965778
0.00276591890120281
-0.00275509302002372
0.00274424013990229
-0.00273336143717731
0.00272245738160216
-0.00271152862145536
0.00270057673774955
-0.00268960090934459
0.00267860347874884
-0.00266758374457146
0.00265654354503010
-0.00264548321759411
0.00263440309872744
-0.00262330441872439
0.00261218759723702
-0.00260105336040520
0.00258990308487281
-0.00257873597666399
0.00256755443717142
-0.00255635769399301
0.00254514762702774
-0.00253392434336113
0.00252268821019419
-0.00251144049755123
0.00250018151519984
-0.00248891199257225
0.00247763306248236
-0.00246634398230671
0.00245504718952895
-0.00244374178542109
0.00243242964893800
-0.00242111066832693
0.00240978531216869
-0.00239845489906284
0.00238711960927333
-0.00237578018073859
0.00236443755779436
-0.00235309113631048
0.00234174338662981
-0.00233039324956745
0.00231904259859287
-0.00230769113678133
0.00229633947236769
-0.00228498890508907
0.00227363940455618
-0.00226229168620643
0.00225094651425120
-0.00223960342680994
0.00222826483376605
-0.00221692944552615
0.00220559913756009
-0.00219427347414397
0.00218295323473680
-0.00217163964286586
0.00216033245102097
-0.00214903242750049
0.00213774024417071
-0.00212645562551568
0.00211518087134806
-0.00210391447401666
0.00209265838900987
-0.00208141209355394
0.00207017652107750
-0.00205895271563461
0.00204774019270080
-0.00203653981153931
0.00202535214277982
-0.00201417702329435
0.00200301651914397
-0.00199186890218106
0.00198073626346929
-0.00196961799157861
0.00195851512347391
-0.00194742846131930
0.00193635736413664
-0.00192530289671529
0.00191426555767493
-0.00190324527848207
0.00189224387714522
-0.00188125952436817
0.00187029455038319
-0.00185934823692388
0.00184842166311513
-0.00183751534645995
0.00182662856944508
-0.00181576262744305
0.00180491784264337
-0.00179409412982752
0.00178329300357132
-0.00177251260493173
0.00176175550171932
-0.00175102075734700
0.00174030942751030
-0.00172962176812350
0.00171895712370909
-0.00170831705578738
0.00169770164655746
-0.00168711080743841
0.00167654584695236
-0.00166600504179924
0.00165549120963850
-0.00164500311055981
0.00163454178584642
-0.00162410730113477
0.00161369915196270
-0.00160331907238648
0.00159296674596068
-0.00158264205497586
0.00157234613341792
-0.00156207742038736
0.00155183883790791
-0.00154162869754970
0.00153144806272664
-0.00152129689440292
0.00151117489868046
-0.00150108388314753
0.00149102308661509
-0.00148099251003045
0.00147099325992245
-0.00146102401030449
0.00145108769708043
-0.00144118217214574
0.00143130868056523
-0.00142146716630610
0.00141165751708012
-0.00140188143797511
0.00139213766731834
-0.00138242642655378
0.00137274878069355
-0.00136310351404520
0.00135349336693072
-0.00134391570832274
0.00133437209640474
-0.00132486244692627
0.00131538673612458
-0.00130594645445413
0.00129653995311094
-0.00128716789970766
0.00127783134637684
-0.00126852914300399
0.00125926380125065
-0.00125003238759122
0.00124083698116198
-0.00123167741396578
0.00122255363600334
-0.00121346684959713
0.00120441514226398
-0.00119539970981328
0.00118642139147931
-0.00117747891178447
0.00116857446805073
-0.00115970494112116
0.00115087297041476
-0.00114207808810271
0.00113332010679163
-0.00112459998916617
0.00111591578805893
-0.00110726932333092
0.00109866107564330
-0.00109008966489721
0.00108155714617543
-0.00107306048521248
0.00106460293193016
-0.00105618352964455
0.00104780197172770
-0.00103945911337844
0.00103115311712244
-0.00102288629938839
0.00101465847051075
-0.00100646811848242
0.000998317230650620
-0.000990202902956257
0.000982128783908469
-0.000974093141758878
0.000966095640719063
-0.000958137198291728
0.000950216185570739
-0.000942335276997792
0.000934493488469631
-0.000926689457266078
0.000918925369577937
-0.000911198560733189
0.000903512941798920
-0.000895865932146455
0.000888257469361511
-0.000880688691113626
0.000873158105546941
-0.000865668459331194
0.000858217825722768
-0.000850805207889637
0.000843432977024135
-0.000836098475441690
0.000828805540330317
-0.000821550659533506
0.000814334327680416
-0.000807157894037257
0.000800019824471923
-0.000792922769126022
0.000785864011212395
-0.000778843368301012
0.000771863440535895
-0.000764921465763510
0.000758021163206916
-0.000751158347379683
0.000744334481420021
-0.000737551002483440
0.000730806087497748
-0.000724102171539728
0.000717435907566419
-0.000710808127003584
0.000704221276702831
-0.000697672116222333
0.000691164122326012
-0.000684692601153085
0.000678260127099421
-0.000671867814316906
0.000665513327109281
-0.000659199010565228
0.000652921257059103
-0.000646682156641568
0.000640483696580574
-0.000634322159923370
0.000628201119528448
-0.000622115803773873
0.000616070046803426
-0.000610064224910868
0.000604095477510800
-0.000598166325198852
0.000592273100105872
-0.000586418979981210
0.000580604846741672
-0.000574826431606650
0.000569087590490312
-0.000563383514240965
0.000557718992540325
-0.000552093070589770
0.000546502532770962
-0.000540950462678905
0.000535433279377454
-0.000529955081204816
0.000524515333439088
-0.000519109745262368
0.000513743018398627
-0.000508410449299190
0.000503117596462961
-0.000497861921514916
0.000492640423396763
-0.000487457101076676
0.000482308246004603
-0.000477198401206489
0.000472125214963742
-0.000467084817084600
0.000462082807338497
-0.000457114079291549
0.000452184411383160
-0.000447289425734418
0.000442426961804728
-0.000437602022442551
0.000432810365533781
-0.000428056759832824
0.000423337229906320
-0.000418649294418020
0.000413999622236503
-0.000409382385092533
0.000404803576592768
-0.000400257345322964
0.000395743269281982
-0.000391267158399534
0.000386823603838151
-0.000382417437973252
0.000378043228840439
-0.000373700400241562
0.000369395973619184
-0.000365122506454123
0.000360886073618795
-0.000356679565405276
0.000352504767794204
-0.000348367524474373
0.000344260667247112
-0.000340189500922641
0.000336147781824849
-0.000332137541714392
0.000328165536708462
-0.000324222524860700
0.000320315504301073
-0.000316436841937137
0.000312591015364567
-0.000308782961341683
0.000305003476680932
-0.000301259039946209
0.000297542832029114
-0.000293859315543764
0.000290213495349390
-0.000286593927613548
0.000283009154837305
-0.000279450951354938
0.000275926077165483
-0.000272437159275483
0.000268973126946366
-0.000265542789121302
0.000262138920423279
-0.000258768311415773
0.000255433341401505
-0.000252121319769446
0.000248843921535345
-0.000245592409170043
0.000242375616834077
-0.000239192979798137
0.000236032594826358
-0.000232906761436462
0.000229807030411158
-0.000226741624091786
0.000223708995847046
-0.000220696042007639
0.000217718169756316
-0.000214764593610014
0.000211845200710349
-0.000208955262040462
0.000206083472103462
-0.000203246457250144
0.000200433171259952
-0.000197653055435216
0.000194900691233572
-0.000192164943685417
0.000189466043628870
-0.000186789780632897
0.000184147359449795
-0.000181530258912867
0.000178930082945165
-0.000176367961891486
0.000173827817930352
-0.000171320191910138
0.000168835629936460
-0.000166366515257433
0.000163936806261755
-0.000161525539656281
0.000159145360238880
-0.000156784000124005
0.000154437708945370
-0.000152130932071267
0.000149839767588258
-0.000147577670207722
0.000145332412951816
-0.000143102520249943
0.000140914808261803
-0.000138739462952673
0.000136593823595378
-0.000134463345265494
0.000132351090377669
-0.000130282770781999
0.000128223785150500
-0.000126193738093020
0.000124177617050919
-0.000122180528152316
0.000120228207414262
-0.000118278286918592
0.000116356507395263
-0.000114445136735309
0.000112554068047517
-0.000110706287401219
0.000108854155949481
-0.000107029829350608
0.000105215257530468
-0.000103423329285343
0.000101675903718276
-9.99177968070373e-05
9.81922272281046e-05
-9.64772931488999e-05
9.47905945787944e-05
-9.31488065030399e-05
9.14907214969169e-05
-8.98702721915572e-05
8.82613792168016e-05
-8.66831095268073e-05
8.51474619593245e-05
-8.35847564556946e-05
8.20651388493229e-05
-8.05534870449793e-05
7.90730790094015e-05
-7.76286249151280e-05
7.61458255848958e-05
-7.47139564153419e-05
7.32882729739777e-05
-7.18955036391249e-05
7.05353976352939e-05
-6.91283689731121e-05
6.77904602717154e-05
-6.64589323922173e-05
6.51668588095416e-05
-6.39049177651869e-05
6.25903614079377e-05
-6.13682727447460e-05
6.01494197455888e-05
-5.89714824793114e-05
5.78157665692759e-05
-5.65940448287055e-05
5.54898433403357e-05
-5.43712692146074e-05
5.32879918961872e-05
-5.22096431096667e-05
5.10480970709844e-05
-5.00365037344520e-05
4.89844813874377e-05
-4.79636400408748e-05
4.69357601775362e-05
-4.58150840253569e-05
4.49056274607832e-05
-4.39238932381080e-05
4.29839636196572e-05
-4.20339782224684e-05
4.09928442939627e-05
-4.02572601565632e-05
3.93899475017437e-05
-3.85752671483968e-05
3.77379981628484e-05
-3.67954047428168e-05
3.62829825950728e-05
-3.54900353880526e-05
3.47446916344587e-05
-3.39285626763499e-05
3.29611985443426e-05
-3.26207585128192e-05
3.16833922423008e-05
-3.08057919013316e-05
2.97964446601741e-05
-2.85877967956435e-05
2.84854011891016e-05
-2.70968812232247e-05
2.59508697272584e-05
-2.46594487492739e-05
2.31838886924130e-05
-2.43641688472823e-05
2.20567450542766e-05
-2.08670929277722e-05
1.95992569080387e-05
-1.82378675515744e-05
2.97681127815468e-05
-2.05657309591144e-05
1.99717450378692e-05
-1.93887209385052e-05
1.88321735726197e-05
0.785093129957514