0.785398165866097
-3.41120352147288e-09
4.53734319087927e-09
-5.89280524604686e-09
7.51536615669393e-09
-9.45067600391160e-09
1.17392547511502e-08
-1.44316663335260e-08
1.75750258355966e-08
-2.12278265140560e-08
2.54462071581426e-08
-3.02986180816448e-08
3.58519844028591e-08
-4.21863083188080e-08
4.93807967411369e-08
-5.75284473837928e-08
6.67221729211789e-08
-7.70693915225402e-08
8.86781601866302e-08
-1.01671776895725e-07
1.16174926230439e-07
-1.32328293384566e-07
1.50274720337734e-07
-1.70173828588367e-07
1.92188181947569e-07
-2.16497913271128e-07
2.43286888411293e-07
-2.72757331243364e-07
3.05115982783432e-07
-3.40588718022786e-07
3.79406693314257e-07
-4.21820947871241e-07
4.68088532016516e-07
-5.18487085486337e-07
5.73300938185413e-07
-6.32835656660032e-07
6.97404108421986e-07
-7.67340967115650e-07
8.42988730356747e-07
-9.24712173263353e-07
1.01288430916192e-06
-1.10790078017421e-06
1.21016574905661e-06
-1.32010621482599e-06
1.43815782322267e-06
-1.56477909437793e-06
1.70043713842515e-06
-1.84562178142059e-06
2.00083117173081e-06
-2.16658578980220e-06
2.34341393016354e-06
-2.53186557894154e-06
2.73249775680773e-06
-2.94588824812574e-06
3.17262078683027e-06
-3.41329862124920e-06
3.66852952698882e-06
-3.93893918909465e-06
4.22515602349228e-06
-4.52782435931622e-06
4.84758905161797e-06
-5.18510844549211e-06
5.54103876113819e-06
-5.91604682128868e-06
6.31079419036187e-06
-6.72594964694175e-06
7.16217305876796e-06
-7.62012758157892e-06
8.10046325132701e-06
-8.60382889110493e-06
9.13085540253667e-06
-9.68216736299714e-06
1.02583659988157e-05
-1.08600404557043e-05
1.14877504364827e-05
-1.21420371280641e-05
1.28234054879883e-05
-1.35323348121776e-05
1.42692606551069e-05
-1.50345850243614e-05
1.58286579207254e-05
-1.66517871465723e-05
1.75042194537480e-05
-1.83861499543046e-05
1.92977028657167e-05
-2.02389405145860e-05
2.12098436706281e-05
-2.22103201359172e-05
2.32401846616340e-05
-2.42991671178108e-05
2.53868919888907e-05
-2.65028861213194e-05
2.76465577972096e-05
-2.88172040597693e-05
3.00139893664119e-05
-3.12359524958915e-05
3.24819847856417e-05
-3.37508366269852e-05
3.50410952948987e-05
-3.63511910412011e-05
3.76793745286638e-05
-3.90237225353942e-05
4.03821150087863e-05
-4.17522403985972e-05
4.31315723499564e-05
-4.45173746862401e-05
4.59066777640321e-05
-4.72962831320894e-05
4.86827395752540e-05
-5.00623474786071e-05
5.14311345928530e-05
-5.27848601368809e-05
5.41189903208354e-05
-5.54287022256242e-05
5.67088591235529e-05
-5.79540141775764e-05
5.91583856043976e-05
-6.03158602400683e-05
6.14199685953645e-05
-6.24638883386443e-05
6.34404192965744e-05
-6.43419869108913e-05
6.51606172416082e-05
-6.58879404576735e-05
6.65151659049809e-05
-6.70330856937839e-05
6.74320498982504e-05
-6.77019703088895e-05
6.78322958324495e-05
-6.78120164806332e-05
6.76296390441335e-05
-6.72731913930126e-05
6.67301984999607e-05
-6.59876871308792e-05
6.50321622976905e-05
-6.38496124190010e-05
6.24254862846702e-05
-6.07446987700712e-05
5.87916083962834e-05
-5.65500236838262e-05
5.40031813946366e-05
-5.11337536113149e-05
4.79238267490231e-05
-4.43549094477061e-05
4.04079124427792e-05
-3.60631573587870e-05
3.13003575272873e-05
-2.60986277724533e-05
2.04364662633530e-05
-1.42917653807059e-05
7.64179469265874e-06
-4.63212989046511e-07
-7.26794753148186e-06
1.55762679734687e-05
-2.44869572602277e-05
3.40258375064077e-05
-4.42193571526756e-05
5.50945749159725e-05
-6.66791714618535e-05
7.90014318513429e-05
-9.20902556728130e-05
0.000105975137909221
-0.000120686177449672
0.000136254056301837
-0.000152710046411987
0.000170085987149913
-0.000188414290367358
0.000207727916085787
-0.000228060375723352
0.000249445705918820
-0.000271918469865327
0.000295513729203764
-0.000320267043395438
0.000346214439626899
-0.000373392410157935
0.000401837880172649
-0.000431588203042732
0.000462681126060411
-0.000495154783553436
0.000529047660435600
-0.000564398583106064
0.000601246680750124
-0.000639631373951534
0.000679592333669527
-0.000721169467487401
0.000764402876184758
-0.000809332837535943
0.000855999760386350
-0.000904444165904106
0.000954706639055527
-0.00100682780719938
0.00106084828884197
-0.00111680866944498
0.00117474944732311
-0.00123471100651612
0.00129673355966863
-0.00136085711779534
0.00142712142995777
-0.00149556594972405
0.00156622977143028
-0.00163915159310655
0.00171436964907864
-0.00179192166910205
0.00187184480702726
-0.00195417559584611
0.00203894987211098
-0.00212620272656510
0.00221596842396696
-0.00230828034894093
0.00240317092082594
-0.00250067153434637
0.00260081246907030
-0.00270362282447100
0.00280913042355055
-0.00291736174183489
0.00302834180469557
-0.00314209410980259
0.00325864051766777
-0.00337800116706408
0.00350019435830615
-0.00362523646117869
0.00375314179047246
-0.00388392250595395
0.00401758847974108
-0.00415414718791645
0.00429360356936800
-0.00443595990871308
0.00458121568632443
-0.00472936745234843
0.00488040866777326
-0.00503432956947684
0.00519111700236504
-0.00535075427558496
0.00551322098598596
-0.00567849286588601
0.00584654159839135
-0.00601733465741639
0.00619083511574640
-0.00636700147839182
0.00654578748469098
-0.00672714193653119
0.00691100849627606
-0.00709732551190840
0.00728602581312783
-0.00747703653606798
0.00767027892053978
-0.00786566813764388
0.00806311309183392
-0.00826251625546895
0.00846377348012701
-0.00866677384291398
0.00887139947224559
-0.00907752541153267
0.00928501946544839
-0.00949374208740465
0.00970354625310379
-0.00991427737897277
0.0101257732305147
-0.0103378638795340
0.0105503716554032
-0.0107631111494333
0.0109758892175952
-0.0111885050407017
0.0114007501873074
-0.0116124087384032
0.0118232574190865
-0.0120330657961552
0.0122415964866239
-0.0124486054358714
0.0126538422101130
-0.0128570503615414
0.0130579678103953
-0.0132563273017937
0.0134518568810288
-0.0136442804445124
0.0138333183093607
-0.0140186878580462
0.0142001042002703
-0.0143772809076000
0.0145499307620974
-0.0147177665735174
0.0148805020053074
-0.0150378524629774
0.0151895359840632
-0.0153352741822518
0.0154747931839196
-0.0156078246087241
0.0157341065316306
-0.0158533844772211
0.0159654123829694
-0.0160699535817351
0.0161667817396943
-0.0162556817996323
0.0163364508656321
-0.0164088990790649
0.0164728504220652
-0.0165281434987122
0.0165746322305960
-0.0166121865176545
0.0166406928017943
-0.0166600545851785
-0.0166600545851785
0.0166406928017943
-0.0166121865176545
0.0165746322305960
-0.0165281434987122
0.0164728504220652
-0.0164088990790649
0.0163364508656321
-0.0162556817996323
0.0161667817396943
-0.0160699535817351
0.0159654123829694
-0.0158533844772211
0.0157341065316306
-0.0156078246087241
0.0154747931839196
-0.0153352741822518
0.0151895359840632
-0.0150378524629774
0.0148805020053074
-0.0147177665735174
0.0145499307620974
-0.0143772809076000
0.0142001042002703
-0.0140186878580462
0.0138333183093607
-0.0136442804445124
0.0134518568810288
-0.0132563273017937
0.0130579678103953
-0.0128570503615414
0.0126538422101130
-0.0124486054358714
0.0122415964866239
-0.0120330657961552
0.0118232574190865
-0.0116124087384032
0.0114007501873074
-0.0111885050407017
0.0109758892175952
-0.0107631111494333
0.0105503716554032
-0.0103378638795340
0.0101257732305147
-0.00991427737897277
0.00970354625310379
-0.00949374208740465
0.00928501946544839
-0.00907752541153267
0.00887139947224559
-0.00866677384291398
0.00846377348012701
-0.00826251625546895
0.00806311309183392
-0.00786566813764388
0.00767027892053978
-0.00747703653606798
0.00728602581312783
-0.00709732551190840
0.00691100849627606
-0.00672714193653119
0.00654578748469098
-0.00636700147839182
0.00619083511574640
-0.00601733465741639
0.00584654159839135
-0.00567849286588601
0.00551322098598596
-0.00535075427558496
0.00519111700236504
-0.00503432956947684
0.00488040866777326
-0.00472936745234843
0.00458121568632443
-0.00443595990871308
0.00429360356936800
-0.00415414718791645
0.00401758847974108
-0.00388392250595395
0.00375314179047246
-0.00362523646117869
0.00350019435830615
-0.00337800116706408
0.00325864051766777
-0.00314209410980259
0.00302834180469557
-0.00291736174183489
0.00280913042355055
-0.00270362282447100
0.00260081246907030
-0.00250067153434637
0.00240317092082594
-0.00230828034894093
0.00221596842396696
-0.00212620272656510
0.00203894987211098
-0.00195417559584611
0.00187184480702726
-0.00179192166910205
0.00171436964907864
-0.00163915159310655
0.00156622977143028
-0.00149556594972405
0.00142712142995777
-0.00136085711779534
0.00129673355966863
-0.00123471100651612
0.00117474944732311
-0.00111680866944498
0.00106084828884197
-0.00100682780719938
0.000954706639055527
-0.000904444165904106
0.000855999760386350
-0.000809332837535943
0.000764402876184758
-0.000721169467487401
0.000679592333669527
-0.000639631373951534
0.000601246680750124
-0.000564398583106064
0.000529047660435600
-0.000495154783553436
0.000462681126060411
-0.000431588203042732
0.000401837880172649
-0.000373392410157935
0.000346214439626899
-0.000320267043395438
0.000295513729203764
-0.000271918469865327
0.000249445705918820
-0.000228060375723352
0.000207727916085787
-0.000188414290367358
0.000170085987149913
-0.000152710046411987
0.000136254056301837
-0.000120686177449672
0.000105975137909221
-9.20902556728130e-05
7.90014318513429e-05
-6.66791714618535e-05
5.50945749159725e-05
-4.42193571526756e-05
3.40258375064077e-05
-2.44869572602277e-05
1.55762679734687e-05
-7.26794753148186e-06
-4.63212989046511e-07
7.64179469265874e-06
-1.42917653807059e-05
2.04364662633530e-05
-2.60986277724533e-05
3.13003575272873e-05
-3.60631573587870e-05
4.04079124427792e-05
-4.43549094477061e-05
4.79238267490231e-05
-5.11337536113149e-05
5.40031813946366e-05
-5.65500236838262e-05
5.87916083962834e-05
-6.07446987700712e-05
6.24254862846702e-05
-6.38496124190010e-05
6.50321622976905e-05
-6.59876871308792e-05
6.67301984999607e-05
-6.72731913930126e-05
6.76296390441335e-05
-6.78120164806332e-05
6.78322958324495e-05
-6.77019703088895e-05
6.74320498982504e-05
-6.70330856937839e-05
6.65151659049809e-05
-6.58879404576735e-05
6.51606172416082e-05
-6.43419869108913e-05
6.34404192965744e-05
-6.24638883386443e-05
6.14199685953645e-05
-6.03158602400683e-05
5.91583856043976e-05
-5.79540141775764e-05
5.67088591235529e-05
-5.54287022256242e-05
5.41189903208354e-05
-5.27848601368809e-05
5.14311345928530e-05
-5.00623474786071e-05
4.86827395752540e-05
-4.72962831320894e-05
4.59066777640321e-05
-4.45173746862401e-05
4.31315723499564e-05
-4.17522403985972e-05
4.03821150087863e-05
-3.90237225353942e-05
3.76793745286638e-05
-3.63511910412011e-05
3.50410952948987e-05
-3.37508366269852e-05
3.24819847856417e-05
-3.12359524958915e-05
3.00139893664119e-05
-2.88172040597693e-05
2.76465577972096e-05
-2.65028861213194e-05
2.53868919888907e-05
-2.42991671178108e-05
2.32401846616340e-05
-2.22103201359172e-05
2.12098436706281e-05
-2.02389405145860e-05
1.92977028657167e-05
-1.83861499543046e-05
1.75042194537480e-05
-1.66517871465723e-05
1.58286579207254e-05
-1.50345850243614e-05
1.42692606551069e-05
-1.35323348121776e-05
1.28234054879883e-05
-1.21420371280641e-05
1.14877504364827e-05
-1.08600404557043e-05
1.02583659988157e-05
-9.68216736299714e-06
9.13085540253667e-06
-8.60382889110493e-06
8.10046325132701e-06
-7.62012758157892e-06
7.16217305876796e-06
-6.72594964694175e-06
6.31079419036187e-06
-5.91604682128868e-06
5.54103876113819e-06
-5.18510844549211e-06
4.84758905161797e-06
-4.52782435931622e-06
4.22515602349228e-06
-3.93893918909465e-06
3.66852952698882e-06
-3.41329862124920e-06
3.17262078683027e-06
-2.94588824812574e-06
2.73249775680773e-06
-2.53186557894154e-06
2.34341393016354e-06
-2.16658578980220e-06
2.00083117173081e-06
-1.84562178142059e-06
1.70043713842515e-06
-1.56477909437793e-06
1.43815782322267e-06
-1.32010621482599e-06
1.21016574905661e-06
-1.10790078017421e-06
1.01288430916192e-06
-9.24712173263353e-07
8.42988730356747e-07
-7.67340967115650e-07
6.97404108421986e-07
-6.32835656660032e-07
5.73300938185413e-07
-5.18487085486337e-07
4.68088532016516e-07
-4.21820947871241e-07
3.79406693314257e-07
-3.40588718022786e-07
3.05115982783432e-07
-2.72757331243364e-07
2.43286888411293e-07
-2.16497913271128e-07
1.92188181947569e-07
-1.70173828588367e-07
1.50274720337734e-07
-1.32328293384566e-07
1.16174926230439e-07
-1.01671776895725e-07
8.86781601866302e-08
-7.70693915225402e-08
6.67221729211789e-08
-5.75284473837928e-08
4.93807967411369e-08
-4.21863083188080e-08
3.58519844028591e-08
-3.02986180816448e-08
2.54462071581426e-08
-2.12278265140560e-08
1.75750258355966e-08
-1.44316663335260e-08
1.17392547511502e-08
-9.45067600391160e-09
7.51536615669393e-09
-5.89280524604686e-09
4.53734319087927e-09
-3.41120352147288e-09
0.785398165866097